2787
2799
2823
2889
2903
2907
3016
3017
3042
3076
3122
3144
3156
3194
3202
3504
4074
4075
4093
4103
4161
4163
4231
4279
4286
4543
4677
5019
6001
6032
12320
12324
12330
12335
12708
12959
18161
19940
20039
21478
21566
21622
21630
21697
22189
22236
22238
22269
22361
22362
22365
22800
30242
32906
33567
41578
41612
41673
42873
50846
50993
51280
51281
51287
51344
51349
51352
51358
51374
51381
51384
51393
51396
51398
51399
51400
51401
51402
51403
51404
51407
51423
51518
51551
56771
56772
61447
62032
62204
62205
70970
74504
74508
74510
74511
74513
74516
74520
74529
74530
74535
74552
74553
74560
74562
74566
74571
74575
74579
74582
74583
74585
74587
74590
74597
74603
74604
74606
74609
74614
74616
74619
74628
74634
74641
74644
74645
74646
74648
74651
74655
74657
74659
74660
74661
74662
74663
74666
74669
74675
74678
74681
74699
74703
74710
74714
74716
74725
74731
74732
74735
74736
74738
74739
74740
74741
74742
74747
74751
74754
74756
74773
74774
74814
74824
74834
74849
74850
74854
74866
74877
74881
74883
74886
74895
74897
74898
74899
74900
74901
74904
74915
74921
74924
74925
74926
74934
74935
74937
74940
74941
74943
74961
74986
75020
75022
75025
75027
75061
75078
75100
75101
75102
75107
75118
75125
75128
75129
75139
75140
75141
75165
75166
75172
75174
75175
75176
75188
75193
75196
75197
75198
75208
75220
75221
75222
75228
75230
75234
75238
75240
75256
75260
75262
75263
75269
75273
75281
75282
75287
75288
75289
75290
75291
75292
75294
75295
75296
75297
75305
75307
75308
75312
75316
75321
75327
75334
75335
75337
75345
75346
75349
75350
75352
75369
75377
75380
75387
75396
75399
75407
75412
75416
75417
75418
75420
75421
75422
75436
75437
75442
75443
75448
75449
75451
75452
75454
75455
75459
75464
75465
75468
75470
75473
75481
75483
75499
75502
75513
75515
75521
75524
75526
75528
75531
75532
75536
75538
75540
75555
75558
75559
75560
75561
75567
75571
75572
75577
75578
75580
75581
75583
75584
75586
75591
75592
75594
75595
75597
75601
75603
75606
75615
75617
75620
75625
75628
75637
75649
75652
75658
75676
75682
75686
75692
75696
75698
75703
75707
75715
75717
75725
75727
75730
75732
75733
75735
75736
75738
75741
75745
75748
75752
75756
75757
75766
75768
75770
75771
75772
75773
75780
75784
75786
75787
75789
75799
75800
75803
75804
75812
75816
75823
75828
75833
75840
75841
75842
75846
75851
75857
75867
75868
75880
75884
75890
75893
75896
75903
75904
75905
75908
75909
75910
75915
75916
75954
75964
75973
76002
76023
76083
76088
76090
76110
76166
76179
76196
76197
76198
76199
76202
76247
76357
76377
76381
76384
76427
76497
76498
76525
76535
76565
76566
76567
76608
76609
76615
76635
76702
76747
76912
76944
76946
76947
76995
76996
77014
77052
77163
77165
77166
77172
77176
77259
77407
77409
77696
77697
77715
77716
77717
77761
77765
77834
77900
77902
77904
77907
77911
77914
77916
77918
77928
77929
77933
77934
77939
77947
78015
78016
78023
78026
78142
78157
78300
78369
78393
78394
78407
78418
78421
78426
78429
78434
78438
78445
78446
78448
78451
78452
78453
78461
78466
78472
78481
78497
78503
78507
78521
78525
78526
78530
78531
78558
78560
78563
78569
78577
78593
78596
78597
78611
78651
78652
78874
78875
78876
78879
78893
78899
78906
78909
78917
78945
78946
78955
79037
79152
79224
79262
79272
79278
79279
79283
79316
79326
79348
79380
79386
79393
79396
79399
79400
79413
79418
79419
79450
79453
79456
79457
79458
79460
79507
79668
79693
79714
79732
79737
79747
79759
79761
79785
79786
79788
79789
79792
79794
79796
79800
79820
79826
79886
79910
79913
79914
79915
79916
79921
79932
79933
79934
79946
79968
79995
80002
80004
80010
80013
80015
80027
80029
80043
80055
80060
80183
80280
80318
80323
80325
80332
80337
80341
80343
80359
80367
80377
80378
80384
80385
80391
80393
80395
80402
80533
80585
80598
80612
80715
80737
81161
81201
81202
81830
81857
81915
81918
81935
81946
81948
81951
81955
81956
81961
81964
81965
81967
81968
81971
81972
81975
81978
81981
81982
81985
81991
82000
82002
82004
82007
82008
82010
82013
82019
82023
82025
82028
82029
82030
82031
82032
82034
82035
82037
82038
82041
82052
82053
82054
82055
82058
82059
82061
82062
82073
82076
82077
82078
82079
82082
82083
82084
82085
82086
82087
82091
82092
82093
82094
82095
82096
82097
82103
82104
82117
82128
82138
82145
82148
82151
82153
82155
82167
82173
82212
82224
82227
82318
82325
82332
82333
82338
82339
82345
82347
82348
82349
82353
82357
82358
82359
82362
82365
82458
82464
82475
82493
82600
82628
82651
82680
82692
82695
82700
82860
82895
82910
82915
83021
83023
83037
83038
83045
83053
83056
83403
83410
83414
83417
83422
83425
83427
83433
83443
83445
83455
83462
83463
83465
83473
83475
83477
83478
83483
83487
83489
83491
83497
83500
83529
83550
83551
83555
83560
83566
83567
83568
83569
83575
83608
83615
83627
83688
83695
83699
83712
83737
83743
83755
83761
83763
83789
83804
83821
83824
83835
83846
83849
83859
83864
83865
84109
84301
84553
84554
84576
84586
84593
84631
84793
84866
84872
84875
84876
84877
84878
84880
84881
84882
84899
84922
84923
84951
84955
84963
84972
84975
84980
84981
85006
85091
85143
85209
85212
85215
85221
85228
85231
85238
85499
85583
85720
85953
85999
86052
86062
86076
86083
86094
86095
86112
86140
86152
86166
86168
86169
86246
86469
86514
86518
86522
86523
86806
86837
86856
86869
86870
86873
86953
86957
86968
86975
87358
87364
87373
87385
87511
87513
87992
87995
87999
88006
88008
88014
88015
88016
88019
88023
88035
88043
88048
88058
88062
88066
88068
88070
88088
88095
88096
88101
88106
88110
88113
88114
88116
88117
88118
88122
88282
88286
88288
88291
88293
88301
88303
88306
88312
88313
88314
88315
88325
88329
88330
88331
88337
88341
88346
88364
88368
88382
88389
88407
88409
88410
88419
88420
88435
88487
88488
88490
88491
88495
88496
88497
88504
88506
88515
88551
88556
88560
88567
88603
88616
88618
88624
88626
88628
88629
88635
88636
88637
88638
88639
88640
88641
88642
88644
88646
88648
88649
88652
88653
88655
88656
88657
88661
88663
88664
88666
88667
88668
88670
88673
88677
88680
88681
88682
88684
88686
88687
88688
88689
88690
88691
88695
88696
88698
88699
88703
88704
88705
88706
88711
88723
88735
88747
88748
88752
88753
88777
88787
88917
89031
89077
89096
89103
89106
89108
89112
89123
89263
89376
89444
89446
89447
89449
89451
89454
89455
89456
89459
89460
89465
89466
89467
89468
89469
89484
89489
89586
89597
89645
89679
89719
89751
89780
89832
89833
89848
89855
89919
89938
90004
90018
90025
90039
90045
90046
90049
90055
90060
90071
90074
90077
90079
90085
90127
90267
90288
90291
90328
90330
90338
90339
90340
90342
90343
90346
90347
90348
90571
90609
90611
90616
90628
90634
90640
90671
90682
91556
91565
91567
91569
91572
91579
91584
91588
91591
91592
91594
91595
91602
91849
91855
91861
91943
91965
91977
92001
92008
92009
92015
92028
92049
92053
92070
92072
92115
92118
92366
92479
92528
92535
92541
92550
92556
92562
92563
92577
92579
92581
93040
93050
93061
93067
93072
93076
93078
93420
93428
93439
93442
93444
93446
93447
93449
93455
93458
93463
93465
93468
93475
93506
94137
94183
94244
94248
94258
94338
94341
94746
94761
94767
94773
94779
95155
95162
95208
95402
95406
95418
95423
95433
95435
95453
95455
95463
95467
95480
95483
95488
95489
95496
95509
95532
96348
96352
97082
97087
97106
97111
97113
97114
97117
97125
97128
97239
97243
97248
97250
97255
97258
97260
97262
97265
97501
97523
97552
97558
97560
99212
99237
99312
99353
99362
99394
99408
99411
99416
99417
99418
99425
99438
99441
99442
99447
99451
99460
99462
99468
99473
99486
99487
99488
99490
99492
99494
99496
99498
99680
100464
100514
100520
100527
100533
100535
100539
100540
100541
100554
100555
100744
100749
102338
102755
102799
103460
103464
103470
103478
103482
103491
103538
103543
103545
103546
103550
103553
103556
103557
103562
103566
103567
103571
103576
103579
103584
103590
103591
103592
103597
103598
103604
103613
103615
103627
103634
103635
103643
103646
103649
103653
103663
103664
103666
103678
103682
103684
103690
103695
103697
103698
103702
103709
103723
103735
103801
103815
103819
103823
103855
103923
103929
103931
103995
104011
104021
104023
104039
104049
104061
104111
104144
104148
104152
104155
104157
104162
104176
104206
104209
104210
104212
104214
104216
104218
104262
104270
104286
104361
104368
104404
104414
104444
104447
104448
104469
104473
104474
104476
104482
104484
104503
104513
104515
104516
104522
104525
104529
104537
104539
104541
104547
104552
104555
104559
104566
104571
104574
104578
104580
104598
104605
104609
104624
104626
104630
104637
104782
104785
104801
104816
104821
104822
104823
104824
104826
104827
104831
104836
104837
104838
104848
104867
104871
104937
104950
104961
105111
105120
105121
105122
105232
105237
105240
105277
105366
105370
105373
106462
106464
106467
106536
106543
106544
106545
106554
106601
106720
106997
107394
107515
107525
107712
108169
108170
108172
108174
108186
108187
108192
108200
108202
108204
108206
108207
108216
108222
108237
108260
108630
108633
108664
108710
108755
108962
109181
109199
109200
109201
109202
109206
109221
109486
109501
109502
109507
109508
109514
109529
109537
109544
109548
109549
109558
109559
109560
109562
109563
109565
109566
109567
109569
109571
109574
109575
109577
109578
109580
109582
109583
111933
111942
111946
111975
112414
112626
112629
112657
112659
112661
112662
112663
112664
112668
112669
112671
112672
112673
112675
112694
112699
112701
112704
112707
112714
112726
112733
112737
112746
112789
112795
112805
112807
112832
112844
112846
112856
112859
112865
112868
112914
112924
113011
113077
113078
113093
113097
113145
113184
113214
113265
113266
113279
113280
113285
113326
113328
113338
113342
113344
113354
113355
113419
113465
113479
113480
113484
113489
113491
113550
113557
113562
113563
113575
113643
113644
113657
113659
113660
113663
113674
113713
113714
113720
113727
113728
113736
113744
113747
113753
113755
113757
113759
113762
113763
113768
113792
113796
113797
113803
113815
113816
113820
113825
113832
113833
113835
113837
113844
113856
113865
113867
113882
113884
113908
113919
113926
113942
113945
113949
113962
113984
113989
113997
113998
114000
114001
114002
114003
114011
114030
114039
114041
114046
114049
114059
114064
114075
114076
114078
114089
114101
114364
114373
114386
114389
114405
114408
114412
114426
114436
114437
114442
114455
114456
114467
114485
114501
114507
114509
114514
114540
114545
114553
114559
114565
114569
114577
114579
114589
114593
114595
114596
114599
114605
114606
114612
114627
114644
114646
114648
114650
114652
114653
114663
114664
114672
114676
114714
114778
114779
114780
114781
114782
114783
114784
114785
114786
114788
114789
114791
114792
114793
114796
114797
114798
114800
114803
114804
114805
114806
114807
114810
114813
114814
114819
114824
114827
114829
114833
114842
114845
114846
114847
114849
114856
114857
114864
114877
114907
115036
115037
115069
115071
115072
115079
115090
115181
115182
115185
115188
115190
115193
115201
115202
115248
115250
115280
115284
115287
115293
115294
115297
115298
115302
115309
115312
115313
115314
115315
115325
115329
115330
115331
115339
115341
115342
115344
115345
115349
115352
115354
115356
115361
115363
115367
115377
115379
115382
115383
115384
115385
115386
115399
115400
115401
115402
115403
115404
115405
115410
115492
115498
115507
115508
115510
115511
115512
115513
115516
115518
115519
115520
115528
115531
115533
115539
115543
115545
115550
115555
115562
115563
115812
115818
115820
115824
115826
115961
115972
115976
115979
115984
115990
115997
116005
116016
116017
116045
116059
116470
116509
116997
117330
118397
118401
118403
118404
118407
118418
118440
118455
118502
118511
118515
118519
118521
118528
118530
118535
118536
118541
118551
118590
118592
118593
118599
118604
118608
118623
118634
118656
118662
118663
118664
118678
118682
118683
118684
118709
118710
118728
118735
118738
118740
118744
118745
118756
118759
118780
118789
118791
118792
118793
118794
118795
118798
118801
118803
118819
118839
118844
118857
118858
118860
118874
118887
118900
118905
118916
118923
118928
118935
118941
118952
118954
118955
118956
118958
118963
118965
118966
118973
118978
118980
118987
118993
118995
118996
118997
119000
119001
119010
119011
119013
119029
119031
119047
119058
119059
119062
119063
119064
119070
119089
119093
119096
119101
119118
119120
119142
119146
119151
119179
119192
119193
119205
119220
119227
119234
119247
119250
119252
119262
119293
119294
119299
119307
119314
119318
119328
119340
119355
119363
119460
119971
120227
120451
120454
121061
121062
121081
121105
121110
121111
121122
121123
121142
121159
121173
121177
121179
121183
121198
121239
121242
121249
121320
121440
121495
121530
121531
121533
121543
121548
121559
121561
121649
121658
121665
121666
121668
121670
121675
121681
121682
121684
121799
121802
121804
121819
121854
121930
121938
122037
122242
122260
122277
122281
122286
122290
122301
122320
122359
122366
122371
122386
122654
123622
123623
123627
123637
123638
123686
123719
123727
123730
123733
123736
125148
125228
125258
125263
125781
125849
125851
125953
126003
126007
126535
126546
126570
126585
126604
126606
126633
126637
126666
126686
126687
126702
126703
126725
126729
126731
126734
126748
126756
126759
126761
126763
126764
126770
126774
126794
126795
126796
126804
126806
126812
126816
126826
126830
126880
126886
126887
126900
127095
127192
127254
127265
127266
127271
127272
127284
127505
128225
128263
128283
128292
128293
128297
128305
128381
128419
128420
128421
128455
128456
128486
128496
128498
128503
128504
128516
128522
128529
128531
128532
128533
128534
128542
128547
128550
128551
128555
128558
128560
128568
128569
128571
128572
128576
128579
128580
128583
128588
128590
128593
128595
128597
128600
128603
128608
128613
128618
128619
128621
128624
128627
128628
128629
128645
128646
128650
128651
128653
128655
128660
128664
128674
128681
128682
128684
128685
128686
128688
128692
128693
128697
128702
128707
128716
128727
128824
128845
129161
129751
129793
129797
129798
129802
129806
129817
129879
129881
129883
132324
132656
134455
136891
136893
136894
136895
137292
137293
137352
137353
138411
143104
145681
145717
146097
146188
146198
146211
146388
146439
146450
146677
146692
146782
146810
146824
146827
146914
148872
148877
148882
148933
148957
149092
149115
149121
149124
149127
149133
149135
149144
149145
149160
149169
149174
149175
149176
149179
149185
149208
149377
149392
149401
149404
149415
149420
149453
149503
149518
149550
149568
149571
149577
149785
149794
149848
149852
149853
149856
149858
149867
149871
149880
149887
150075
150078
150086
150091
150117
150146
150150
150167
150178
150180
150220
150221
150225
150226
151439
152302
152308
153683
153702
153718
153757
153919
154010
154026
154043
154068
154134
154136
154141
154156
154337
154752
154802
155937
155945
155963
155964
156049
156218
156237
157594
158725
158762
160288
161704
163763
164019
164070
164980
165999
166538
166542
170288
170293
170323
170324
170329
170332
170407
170408
170414
170423
170436
170464
170477
170485
170488
170492
170508
170509
170512
170529
170531
170538
170543
170544
170547
170558
170608
170640
170641
170688
170727
170757
170840
170886
170889
170897
170909
170914
170924
170927
170930
170944
170950
170952
170956
170966
170996
171008
171014
171017
171022
171025
171063
171094
171123
171132
171134
171212
171216
171222
171285
171307
171318
171342
171348
171353
171361
171369
171419
171646
172647
172651
172653
172654
172667
172694
172700
172702
172711
172719
172725
172727
172728
172732
172734
172735
172736
172740
172742
172747
172751
172752
172757
172758
172761
172764
172765
172767
172769
172771
172777
172780
172783
172784
172785
172786
172789
172791
172800
172802
172805
172807
172809
172813
172820
172821
172822
172825
172826
172828
172829
172833
172836
172838
172839
172846
172847
172848
172849
172850
172853
172864
172866
172867
172868
172869
172875
172876
172877
172882
172883
172884
172886
172887
172888
172894
172898
172899
172900
172902
172903
172906
172908
172911
172914
172915
172919
172920
172921
172925
172933
172938
172941
172943
172945
172949
172954
172957
172958
172963
172971
172975
172976
172983
172985
172986
172987
172988
172989
172991
172993
172996
172998
173002
173006
173010
173031
173232
173275
173346
173795
173833
173901
173910
173941
174004
174029
174050
174089
174111
174112
174148
174207
174236
174250
174261
174284
175357
175362
177739
177757
177807
177872
177894
177914
181318
181520
181592
181685
181686
181715
181807
181884
182019
182104
182120
182121
182124
182134
182139
182145
182148
182157
182184
182236
182281
182289
182412
182500
182539
185883
185884
186041
186089
186171
186172
186173
186175
186178
187774
188643
188684
188694
188715
188968
188970
188999
189027
189507
191118
191338
191582
192245
192247
192259
192284
192292
192300
192755
192871
195096
195321
195628
196151
196212
198479
198502
198509
198594
198599
198622
198626
198678
198696
198713
198762
198768
198945
199023
199035
199323
200638
200643
200662
200686
200692
200694
200696
200701
200718
200720
200728
200753
200754
200784
200792
200836
200843
200846
200847
200848
200849
200856
200858
200866
200870
200873
200874
200875
200880
200896
200897
200903
200907
200909
200912
200918
200919
200920
200950
200987
200992
201031
201036
201050
201068
201092
201117
201126
201127
201136
201193
201202
201332
201383
201392
201393
201397
201410
201478
201479
201486
201488
201530
201547
201557
201566
201567
201568
201571
201573
201575
201577
201578
201579
201581
201583
201585
201590
201601
201615
201621
201622
201623
201624
201626
201628
201634
201643
201656
201657
201661
201668
201677
201682
201683
201706
201707
201712
201713
201730
201796
202297
202300
202306
202323
202332
203241
204580
204594
204595
204615
208194
208195
208197
208198
208203
208205
208206
208236
208645
208652
208865
208890
208959
209069
209152
209165
209889
211850
211885
212409
212429
212430
213130
213204
213449
213595
214414
214504
215108
215138
215234
215817
215949
216022
216096
216180
216205
216207
216312
216469
216473
216499
216533
216638
216640
216993
217008
217015
217047
217049
217051
217068
217088
217093
217125
217789
217967
218654
218776
218784
220501
220532
221923
221927
221946
222171
222997
223077
223096
223291
223296
223303
223400
226955
227003
227119
227141
227150
227153
227173
227201
228458
228951
228967
229229
229251
229257
229267
229296
229302
229440
229442
229542
229543
229701
229707
229726
229820
229856
229885
230069
230085
230088
230112
230114
230122
230144
230147
230149
230178
230183
230199
230219
230222
230223
230227
230230
230234
230238
230239
230259
230308
230330
230336
230345
230350
230364
230382
230385
230388
230413
230504
230512
230514
230515
230518
230540
230541
230545
230555
230565
230572
230579
230598
230603
230606
230624
230635
230651
230684
230712
230719
230720
230724
230725
230756
230869
230897
231068
231071
231149
231183
231189
231196
231201
231264
231304
231545
231813
232683
232774
232775
232776
232777
232885
233949
234132
234160
234902
234907
234921
234945
234949
234953
234965
234975
234976
234978
234980
235032
235113
235129
235144
235198
235207
237958
238082
238132
238615
239122
239199
239201
239202
239203
239204
239209
239218
239220
239224
239232
239237
239238
239241
239244
239250
239253
239254
239257
239260
239261
239262
239264
239265
239267
239268
239273
239275
239286
239319
239359
239382
239463
239502
239519
239529
239677
239679
239693
239697
239702
239703
239704
239705
239707
239708
239710
239711
239712
239714
239763
239765
239778
239881
239882
239883
239888
239889
239894
239897
239900
239901
239914
239932
239977
240092
240104
240181
240250
240317
240320
240363
240401
240405
241064
241066
241392
241505
241535
241557
241619
241621
241630
241700
241708
241728
241767
241774
241851
241859
241863
241878
241883
241898
241900
241902
241906
241942
242019
242020
242241
242283
242494
242515
242563
242638
242690
242695
242713
242720
242725
242948
243058
243130
243144
243146
243147
243158
243215
243224
243271
243286
243525
243533
243536
243537
243547
243549
243550
243551
243558
243563
243566
243836
243849
243896
243912
243916
243918
243928
244468
244498
244673
247794
247816
248284
250462
250910
250957
251971
251986
252006
252200
254057
254061
254109
254309
254738
254951
255047
255520
255616
255619
255657
255665
255767
255817
255819
255820
255821
255832
255836
255838
255839
255843
255855
255857
255862
255868
255869
255924
255938
257832
259696
259731
259744
259755
260096
260100
260253
260257
260261
260272
260275
260285
260292
260293
260307
260308
260312
260313
260340
260343
260356
260375
260377
260389
260395
260400
261352
263730
264292
264301
264317
264332
264348
264352
264356
264361
264374
264404
264542
264543
264545
264547
264557
264562
264567
264573
264604
264609
264775
264787
264794
264812
264831
264832
264854
264861
264862
264886
264903
264930
267856
267876
267906
267986
268053
268067
268068
268078
268080
268083
268085
268092
268093
268094
268095
268097
268102
268103
268167
268169
268171
268180
268181
268189
268192
268195
268198
268203
268205
268210
268335
268358
268360
268362
268368
268372
268375
268385
268386
268393
268396
268402
268409
268432
268449
268482
268516
268542
268556
268576
268577
268586
268593
268594
268601
268622
268625
268628
268634
268637
268656
268662
268664
268674
268678
268683
269012
269024
269068
269115
269130
269259
269328
269431
269451
269479
269520
269531
269536
269538
269763
269773
269783
269821
269822
269826
269829
269840
269852
269854
269876
269910
269911
269918
269924
269941
269947
269980
269992
270000
270057
270059
270069
270093
270233
270242
270253
270266
270275
270318
270373
270450
270451
270466
270469
270566
270644
270647
270655
270657
270658
270660
270662
270668
270670
270671
270676
270687
270691
270702
270721
270731
270739
270748
270752
270768
270771
270912
270929
270934
271152
271199
271200
271226
271227
271262
271264
271271
271305
271640
271660
271661
271900
271904
271922
271957
271964
271999
272007
272053
272141
272149
272151
272340
272342
272393
272405
272445
272574
272589
272596
272620
272638
272657
272665
272690
272692
272825
272866
272878
272880
272900
272913
272922
272935
272972
272995
272996
272999
273013
273014
273016
273021
273023
273024
273026
273033
273034
273036
273056
273057
273088
273093
273098
273109
273115
273121
273133
273146
273155
273169
273178
273190
273195
273298
273311
273325
273327
273346
273355
273374
273377
273384
273392
273393
273394
273398
273431
273432
273436
273441
273680
273762
273766
350825
350836
350839
350840
350842
350850
350851
350852
350853
350854
350855
350856
350861
350863
350869
350880
350901
350909
350948
350985
351003
351004
351005
351039
351047
351066
351088
351096
351138
351151
351213
351218
351220
351284
351285
351290
351303
351304
351306
351309
351329
351341
351346
351353
351357
351362
351370
351419
351455
351477
351486
351497
351508
351514
351519
351521
351527
351540
351565
351573
351583
351606
351626
351627
351628
351629
351630
351631
351632
351634
351635
351636
351637
351638
351660
351666
351670
351684
351686
351698
351714
351716
351718
351719
351722
351724
351728
351731
351734
351735
351736
351741
351742
351743
351745
351746
351747
351749
351751
351753
351755
351757
351759
351761
351763
351768
351769
351772
351773
351774
351775
351776
351777
351779
351782
351784
351785
351787
351789
351795
351797
351798
351799
351801
351802
351803
351804
351805
351806
351808
351818
351819
351820
351821
351822
351965
351971
351972
351977
351978
351979
351980
351982
351983
351984
351986
351987
351988
351989
351991
351992
352008
352009
352032
352070
352089
352114
352116
352117
352129
352130
352132
352135
352137
352138
352141
352143
352148
352149
352152
352154
352159
352169
352171
352172
352177
352179
352180
352188
352191
352194
352213
352232
352270
352276
352278
352298
352301
352303
352325
352337
352365
352650
352691
352710
352978
352984
353003
353011
353017
353041
353043
353045
353082
353121
353122
353124
353125
353126
353127
353128
353129
353132
353133
353134
353136
353137
353275
353300
353301
353338
353341
353345
353357
353372
353377
353430
353446
353455
353457
353462
353472
353510
353511
353541
353555
353561
353566
353576
353577
353595
353644
353646
353664
353672
353676
353677
353783
353938
353941
353947
353970
353971
353972
354004
354093
354097
354099
354102
354108
354112
354126
354139
354146
354160
354169
354199
354200
354224
354225
354228
354231
354235
354236
354244
354246
354252
354254
354259
354268
354283
354302
354309
354312
354319
354324
354326
354336
354341
354346
354347
354349
354382
354404
354422
354429
354434
354436
354451
354454
354459
354481
354482
354483
354492
354496
354505
354514
354540
354571
354573
354575
354578
354580
354596
354612
354620
354627
354634
354638
354643
354651
354654
354667
354699
354822
354830
354831
354835
354836
354930
354961
354963
354965
354971
354980
354989
354990
355018
355019
355028
355037
355051
355058
355061
355080
355096
355118
355239
355286
355288
355295
355301
355302
355312
355316
355320
355369
355371
355375
355376
355383
355384
355390
355405
355410
355419
355420
355427
355433
355535
355606
355632
355656
355679
355684
355687
355688
355713
355717
355743
355744
355882
355891
355904
355913
355920
355926
355953
355964
355979
355985
355986
356035
356043
356089
356115
356120
356146
356158
356198
376699
376733
376755
376815
376895
377085
377096
377097
377098
377099
377101
377105
377120
377131
377133
377144
377156
377160
377162
377221
377431
377464
377502
377513
377519
377528
377542
377555
377556
377557
377582
377592
377594
377617
377705
377708
377726
377736
377743
377761
377762
377769
377780
377896
377902
377903
378209
378219
378221
378241
378252
378280
378297
378302
378306
378318
378471
378592
378597
378602
378637
378666
378696
378713
378746
378748
378760
378768
378788
378794
378812
378813
378817
378819
378829
378836
378837
378935
378936
378943
378969
378971
379003
379061
379076
379080
379084
379137
379139
379152
379157
379164
379167
379171
379175
379226
379328
379337
379353
379354
379361
379409
379420
379432
379448
379545
379583
379614
379620
379623
379629
379647
379680
379702
379708
379715
379780
379788
379859
379870
379889
379904
379935
380038
380088
380090
380091
380108
380118
380133
380147
380154
380170
380198
380203
380209
380227
380253
380294
380314
380321
380355
380386
380432
380450
380465
380587
380592
380607
380624
380630
380644
380666
380683
380807
380812
380886
380892
380936
380953
380971
381094
381143
381196
381204
381223
381290
381300
381302
381358
381359
381395
381422
381424
381577
381625
381757
381905
381925
382026
382041
382180
382181
382193
382200
382209
382366
382378
382469
382481
382511
382739
382997
383052
383092
383161
383265
383340
383392
383459
383508
383515
383596
383598
383761
383785
383801
384005
384008
384153
384214
384243
384245
384381
384404
384600
384612
384637
384819
384822
384826
384827
384837
385112
385114
385115
385116
385169
385296
385299
385317
385425
385427
385458
385627
385643
385649
385669
385743
385747
385841
385848
385854
385855
385860
385932
385936
385947
385967
386021
386031
386058
386079
386088
386131
386147
386252
386291
386305
386312
386334
386352
386395
386403
386426
386475
386555
386558
386592
386594
386610
386673
386731
386746
386811
386838
386934
387021
387038
387054
387075
387124
387167
387366
387435
387472
387557
387559
387571
387602
387608
387610
387639
387668
387690
387807
388002
388005
388033
388050
388063
388102
388187
388214
388424
388425
388465
388477
388478
388509
388511
388612
388651
388765
388798
388816
388893
388965
389007
389049
389051
389052
389067
389077
389079
389080
389095
389096
389121
389206
389219
389224
389234
389246
389249
389300
389502
389579
389590
389607
389624
389785
389810
389839
389903
389909
389911
389919
389979
390016
390033
390046
390090
390110
390168
390210
390218
390235
390255
390278
390368
390535
390577
390597
390605
390822
390862
390912
390935
390941
391122
391148
391162
391233
391263
391274
391370
391452
391468
391477
391552
391557
391570
391581
391594
391670
391688
391689
391726
391743
391794
392082
392094
392126
392276
392310
392320
392410
392427
392440
392461
392500
392576
392583
392603
392654
392696
392707
392907
392943
392976
393244
393252
393266
393269
393479
393534
393589
393626
393653
393718
393783
393804
393832
393844
393849
393855
393858
393950
393965
394012
394148
394170
394185
394187
394319
394334
394361
394370
394456
394616
394649
394715
394769
394867
394954
395014
395023
395048
395173
395185
395208
395276
395303
395405
395417
395421
395423
395447
395449
395457
395458
395463
395465
395467
395469
395470
395477
395480
395481
395484
395491
395496
395500
395505
395513
395514
395515
395516
395518
395521
395522
395523
395524
395525
395527
395528
395536
395537
395539
395541
395548
395549
395550
395560
395561
395564
395566
395569
395570
395581
395600
395601
395606
395608
395610
395611
395612
395613
395617
395618
395619
395620
395625
395626
395627
395631
395636
395666
395671
395684
395713
395741
395744
395748
395749
395751
395753
395756
395764
395769
395782
395784
395788
395829
395905
395906
395908
395910
395912
395914
395966
395972
395990
396015
396018
396021
396045
396048
396068
396076
396091
396128
396161
396313
396330
396356
396370
396467
396528
396539
396543
396551
396558
396564
396565
396568
396582
396587
396597
396604
396609
396610
396617
396619
396624
396638
396639
396641
396694
396716
396726
396727
396865
397106
397109
397176
397317
397352
397689
397827
397954
397956
397979
397983
398014
398030
398035
398037
398041
398042
398045
398048
398052
398053
398058
398073
398101
398122
398183
398187
398194
398195
398196
398198
398207
398209
398267
398292
398296
398297
398304
398311
398314
398321
398373
398399
398401
398428
398469
398482
398484
398517
398543
398546
398565
398570
398598
398681
398702
398714
398718
398765
398840
398861
398888
398899
398905
398909
398912
398918
398951
398974
399020
399025
399026
399029
399055
399056
399160
399164
399168
399170
399192
399205
399263
399265
399267
399273
399274
399275
399317
399344
399349
399403
399444
399453
399509
399514
399532
399535
399558
399565
399577
399583
399605
399607
399624
399642
399643
399657
399661
399662
399663
399666
399673
399676
399684
399691
399695
399701
399711
399721
399723
399734
399738
399788
399790
399808
399816
399819
399828
399849
399850
399851
399852
399857
399858
399861
399864
399867
399873
399875
399881
399887
399888
399890
400030
400043
400045
400059
400067
400077
400115
400116
400162
400169
400171
400181
400188
400220
400229
400241
400254
400265
400274
400285
400286
400330
400357
400378
400385
400389
400393
400394
400399
400404
400408
400409
400415
400417
400418
400531
400581
400584
400599
400602
400603
400604
400619
400651
400656
400662
400664
400667
400682
400684
400694
400705
400708
400731
400735
400758
400759
400770
400844
400854
400880
400914
400915
400965
400982
400995
401000
401006
401008
401011
401019
401036
401052
401061
401066
401074
401080
401102
401108
401113
401123
401135
401138
401144
401166
401206
401209
401213
401228
401231
401234
401247
401268
401285
401296
401326
401357
401376
401382
401388
401394
401396
401407
401408
401415
401418
401427
401441
401497
401504
401517
401668
401690
401697
401698
401703
401704
401707
401725
401761
401873
401892
401893
401945
401958
401960
401985
402026
402027
402028
402029
402031
402047
402049
402067
402070
402108
402109
402114
402115
402130
402169
402171
402182
402188
402214
402224
402228
402243
402248
402258
402260
402265
402351
402496
402497
402518
402519
402533
402645
402672
402697
402714
402726
402953
402960
403041
403042
403325
403334
403389
403406
403411
403483
403529
403545
403556
403559
403572
403580
403587
403618
403638
403643
403645
403652
403659
403660
403661
403664
403667
403680
403681
403683
403689
403695
403707
403708
403724
403727
403730
403731
403736
403738
403739
403746
403747
403756
403760
403766
403775
403780
403800
403804
403806
403811
403813
403815
403820
403821
403822
403823
403825
403834
403836
403843
403848
403849
403861
403865
403866
403880
403884
403885
403886
403933
403934
403938
403944
403949
403960
403977
403981
403984
403988
403992
403995
404014
404017
404018
404034
404075
404079
404082
404092
404125
404136
404169
404178
404204
404209
404214
404217
404232
404237
404261
404294
404305
404312
404313
404328
404332
404333
404334
404336
404340
404341
404349
404350
404385
404389
404395
404408
404450
404495
404499
404509
404516
404526
404543
404545
404548
404557
404569
404582
404607
404626
404631
404636
404654
404680
404681
404727
404782
404790
404818
404824
404843
404876
404885
404929
404949
404951
404959
404963
404981
404998
405055
405084
405088
405100
405101
405155
405177
405181
405210
405794
405845
405863
405866
405876
405929
405936
405958
406194
414567
414587
414600
414625
414632
414638
414646
414659
414664
414670
414683
414687
414693
414694
414695
414698
414699
414707
414709
414710
414719
414735
414742
414761
414773
414795
414816
414869
414948
414967
415008
415091
415092
415121
415202
415204
415205
415214
415306
415307
415316
415343
415367
415380
415386
415387
415396
415432
415433
415437
415503
415531
415533
415570
415591
415621
415823
415824
417145
417161
417272
418418
418712
419088
419124
419306
419390
419722
419724
419733
419805
419896
419942
419949
419980
419992
419995
420020
420033
420038
420051
420060
420074
420116
420131
420139
420140
420157
420167
420169
420170
420175
420182
420186
420200
420207
420217
420237
420264
420269
420280
420298
420301
420310
420313
420337
420341
420363
420382
420384
420387
420395
420400
420402
420411
420437
420460
420462
420465
420468
420471
420486
420488
420490
420502
420508
420510
420512
420513
420514
420516
420521
420527
420530
420531
420537
420541
420549
420550
420555
420566
420571
420578
420579
420580
420604
420615
420619
420622
420631
420633
420637
420638
420646
420648
420664
420666
420680
420687
420695
420696
420702
420716
420717
420718
420746
420760
420764
420765
420780
420786
420793
420795
420809
420830
420846
420854
420858
420870
420875
420878
420881
420885
420899
420900
420905
420910
420936
420942
420943
420982
420984
420995
421017
421022
421042
421098
421134
421155
421157
421180
421281
421307
421321
421324
421328
421348
421393
421404
421405
421407
421432
421444
421458
421475
421489
421530
421531
421534
421546
421570
421600
421619
421627
421628
421630
421645
421660
421661
421684
421690
421715
421717
421719
421747
421788
421795
421846
421847
421851
421854
421887
421925
421937
421938
421952
421959
421964
422061
422102
422187
422192
422218
422350
422355
422362
422372
422379
422387
422394
422406
422410
422526
422549
422562
422572
422573
422575
422611
422682
422710
422727
422729
422731
422744
422761
422765
422790
422809
422811
422824
422837
422850
422899
422904
422963
422978
422988
422994
422995
423061
423067
423092
423093
423097
423102
423121
423221
423285
423358
423374
423422
423432
423449
423471
423506
423507
423513
423693
423701
423705
423715
423753
423769
423791
423842
423855
423903
424023
424066
424130
424135
424249
424379
424489
424533
424601
424638
424656
424770
424847
424884