47294
74604
75172
75421
75567
75964
78448
78461
79279
79995
85987
86076
86119
86133
86856
87995
87999
88747
89431
89459
91965
92067
102255
103635
104885
106862
108213
109559
112707
112732
112746
113277
113338
115051
121833
126804
128448
153718
153729
172800
172849
172943
172958
172996
173933
186172
186175
188684
188970
196422
200784
200847
200848
200875
200919
201410
201547
201557
204541
221946
222857
223114
226915
235003
241392
242676
252209
255665
255864
260262
270659
272164
351773
351784
351819
352251
353942
354112
355035
355913
355920
378713
378746
378788
378819
383521
384404
385199
386194
387571
390862
393252
393718
394311
394622
394649
395405
395496
395728
396467
396619
397316
398484
399317
399359
399649
403823
404017
404294
405001
414567
414659
415432
415433
415823
419722
420384
420395
420615
420631
420739
420765
420830
420846
420905
421042
421058
421155
421475
422406
422526
422549
422729
422883
423431
423449
423741
424262
424489