320001,29中致远中学,1,1
110038,北大附中朝阳未来学校,0,1
110021,北京工业大学附属中学,1,1
110027,北京航空航天大学附属中学,1,1
110004,北京师范大学第二附属中学,1,1
110028,北京市北达资源中学,1,1
110003,北京市昌平区回龙观中学,1,1
110013,北京市昌平区兴寿学校,1,1
110001,北京市昌平区中滩中学,1,1
110032,北京市朝阳外国语学校,1,1
110008,北京市第十九中学,1,1
110033,北京市第一七一中学,0,1
110006,北京市二十一世纪国际学校,1,1
110005,北京市丰台区丰台第二中学,1,1
110012,北京市丰台区实验学校,1,1
110011,北京市海淀实验中学,1,1
110022,北京中学,1,1
370004,昌邑市第一中学,1,1
320007,丹阳市吕叔湘中学,1,1
370008,德州市第一中学,1,1
110023,东北师范大学附属中学朝阳学校,1,1
330017,洞头区第一中学,1,1
440017,佛山市第一中学,1,1
440202,佛山市高明区沧江中学,0,1
440022,佛山市顺德北滘中学,0,1
440005,佛山市顺德区凤城初级中学,1,1
440205,佛山市顺德区周君令中学,0,1
440203,广东顺德翁祐中学,0,1
440002,广州大学附属中学,1,1
440001,广州市第八十六中学,1,1
440009,广州市第二十一中学,1,1
440012,广州市第四十七中学初中部,1,1
440030,广州市华师附中番禺学校,1,1
440013,广州市九十八中,1,1
440014,广州市荔湾区花地中学,1,1
440003,广州市岭南画派纪念中学,1,1
440015,广州市西关培英中学,1,1
440006,广州市西关外国语学校,1,1
440042,广州市香江中学,1,1
440046,广州市增城区凤凰城中英文学校,1,1
440011,广州市真光中学,1,1
440008,广州市执信中学,1,1
330010,杭州市余杭高级中学,1,1
440004,黄岐石门实验学校,1,1
440079,惠州市外国语学校,1,1
370002,济南市历城区董家镇中心中学,1,1
370001,济南外国语学校,1,1
370009,济宁市运河实验中学,1,1
320012,江苏教育学院附属高级中学,1,1
320005,江苏省海门中学,1,1
320018,江苏省昆山中学,1,1
320017,江苏省镇江市第四中学,1,1
320019,江苏省镇江市江南学校,1,1
320013,金陵中学龙湖分校,1,1
330012,乐清市第二中学,1,1
330013,乐清市第三中学,1,1
440199,勒流中学,0,1
440204,伦教汇贤中学,0,1
320020,南京师范大学附属中学,1,1
320002,南京市八卦洲中桥中学,1,1
320008,南京市第九中学,1,1
320009,南京市第十三中学,1,1
320010,南京市第五高级中学,1,1
320003,南京市共青团路中学,1,1
320014,南京市金陵中学,1,1
320015,南京市六合区科利华分校,1,1
320004,南京市栖霞区摄山初级中学,1,1
320016,南京市秦淮中学,1,1
320011,南京市燕子矶中学,1,1
320006,南京一中马群分校,1,1
450002,南宁市碧翠园学校,1,1
440010,南武实验学校,1,1
110002,清华大学附属中学,1,1
370003,山东省济南第一中学,1,1
370005,山东省泰安第二十一中学,1,1
370010,山东省泰安第十五中学,1,1
370007,山东省潍坊市寒亭区第六中学,1,1
370016,山东师范大学附属中学,1,1
440208,韶关市第十三中学,0,1
440007,深圳中学,1,1
440197,石门实验中学,0,1
110010,首都师范大学附属回龙观育新学校,1,1
370006,泰安市岱岳区祝阳镇第二中学,1,1
330008,泰顺县城关中学,1,1
330006,泰顺县实验中学,1,1
120004,天津复兴中学,0,1
120002,天津市第四中学,1,1
120001,天津市南开中学,1,1
330011,温州乐清市柳市中学,1,1
330001,温州市第八高级中学,1,1
330004,温州市第二十二中学,1,1
330007,温州市瓯海区第二高级中学,1,1
440118,信宜市茶山第二中学,1,1
440105,信宜市旺沙中学,1,1
450001,玉林市第三中学,1,1
440043,增城市派潭镇第三中学,1,1
140001,长子县明志学校,1,1
330003,浙江省瓯海中学,1,1
330005,浙江省泰顺中学,1,1
330009,浙江省温州市瑞安四中,1,1
330014,浙江省温州中学,1,1
330002,浙江省永嘉中学,1,1
110007,中国人民大学附属中学,1,1
110009,中央民族大学附属中学,1,1
370034,淄博高新区实验中学,0,1
110016,北京市第八十中学管庄分校,1,1
110020,北京市润丰学校,1,1
110043,北京市八一学校附属玉泉中学,0,1
120007,天津二中,0,1
120011,天津市南开大学附属中学,0,1
120012,天津汇森中学,0,1
120013,天津市第十四中学,0,1
320034,雨花台中学春江分校,0,1
330028,乐清市南塘镇中学,0,0
370032,潍坊东辰国际学校,1,1
440226,深圳锦华实验学校,0,1
440231,深圳市海滨中学,0,1