2903
3016
3076
3122
3156
3194
4075
4123
4163
4231
4279
4463
4577
4677
4895
4911
5019
6032
7390
12320
12324
12330
17597
18161
19258
22800
32906
41578
46046
51281
51287
51344
51349
51352
51358
51381
51384
51393
51396
51399
51400
51403
51407
51423
51518
74510
74552
74575
74582
74604
74606
74614
74626
74628
74641
74651
74663
74666
74699
74710
74714
74716
74739
74740
74741
74775
74789
74935
75027
75100
75125
75128
75129
75159
75166
75174
75176
75188
75193
75199
75203
75222
75263
75295
75316
75321
75327
75346
75349
75352
75369
75380
75412
75418
75421
75422
75443
75451
75465
75468
75481
75524
75532
75536
75540
75559
75561
75571
75577
75584
75592
75597
75649
75703
75707
75725
75732
75745
75766
75770
75771
75772
75773
75780
75786
75803
75816
75828
75841
75868
75893
75904
75915
75964
75966
75969
75978
76085
76088
76090
76096
76101
76165
76262
76659
76915
76946
77104
77158
77161
77162
77168
77422
77745
77748
77763
77765
77914
77918
78140
78377
78396
78408
78426
78434
78438
78446
78452
78461
78476
78481
78493
78496
78507
78521
78538
78543
78560
78561
78563
78569
78572
78574
78581
78582
78587
78588
78589
78591
78593
78596
78598
78599
78652
78737
78796
78798
78802
78814
78820
78874
78875
78876
78893
78916
78981
79224
79253
79262
79272
79273
79280
79328
79355
79380
79396
79400
79411
79458
79696
79747
79748
79785
79789
79792
79913
79915
79928
79931
79932
79946
79967
79995
80004
80015
80055
80183
80202
80207
80319
80324
80331
80337
80343
80359
80360
80361
80363
80370
80373
80377
80384
80385
80400
80591
80719
80723
80734
80737
80906
80934
80942
81915
81918
81935
81965
81972
81975
81981
82000
82002
82010
82013
82019
82022
82025
82026
82027
82031
82032
82034
82037
82053
82058
82076
82077
82085
82087
82092
82108
82110
82173
82174
82209
82210
82218
82226
82250
82312
82318
82320
82322
82324
82332
82334
82337
82338
82347
82348
82354
82359
82370
82376
82458
82468
82476
82489
82907
83432
83439
83445
83446
83463
83471
83477
83510
83555
83743
83847
83859
84583
84597
84605
84611
84616
84624
84781
84783
84888
84899
84910
84933
84951
84960
84971
84972
84978
85006
85129
85132
85149
85637
85832
85972
85987
85999
86017
86032
86034
86035
86048
86052
86053
86062
86065
86072
86079
86083
86086
86091
86097
86109
86112
86119
86134
86141
86163
86164
86165
86496
86514
86518
86519
86520
86521
86522
86525
86529
86532
86833
86836
86837
86846
86854
86857
86902
87992
87995
88006
88014
88017
88020
88035
88039
88042
88066
88070
88074
88082
88086
88095
88099
88107
88109
88113
88116
88117
88122
88132
88288
88303
88306
88313
88325
88341
88346
88348
88364
88419
88480
88487
88515
88516
88551
88567
88616
88618
88625
88629
88635
88636
88637
88640
88642
88644
88646
88647
88649
88650
88652
88653
88655
88657
88663
88664
88668
88671
88673
88677
88680
88681
88682
88687
88688
88689
88691
88693
88695
88696
88701
88704
88705
88706
88709
88711
88716
88734
88735
88752
88753
89112
89586
89597
89645
89679
89715
89716
89719
89745
89748
89751
89752
89768
89804
89816
89826
89836
89846
89855
89869
90046
90085
90089
91843
91849
91861
91873
91895
91912
91914
91924
91929
91949
91977
91987
92001
92007
92012
92015
92028
92036
92066
92067
92118
94060
94116
94160
94166
94687
94747
94753
94767
94769
94772
95394
95415
99149
99353
99369
99391
99417
99425
99430
99438
99447
99449
99454
99460
99462
99473
99487
99490
99493
99498
99504
100533
100535
102202
102222
102234
102235
102236
102262
102278
102281
102283
102287
102310
102315
102322
103460
103538
103545
103550
103553
103562
103566
103571
103587
103590
103592
103598
103615
103627
103634
103635
103643
103648
103649
103659
103664
103667
103677
103682
103684
103685
103690
103691
103709
103721
103735
103855
103861
103931
104011
104021
104023
104144
104148
104155
104162
104167
104170
104209
104262
104270
104274
104281
104284
104286
104290
104314
104424
104444
104446
104448
104459
104473
104476
104481
104482
104484
104486
104488
104510
104513
104516
104522
104529
104547
104557
104558
104561
104566
104585
104586
104593
104610
104612
104613
104614
104616
104617
104630
104742
104757
104821
104822
104823
104836
104848
104866
104871
104876
104882
104885
104891
104893
104902
104903
104914
104921
104922
105119
105122
105140
105237
105271
105272
105279
105355
106461
106464
106467
106469
106519
106536
106544
106599
106601
106623
106720
107481
107542
108180
108182
108192
108220
109402
109472
109486
109537
109539
109544
109560
109566
109574
109575
109590
112483
112629
112652
112653
112656
112663
112672
112675
112685
112707
112752
112844
112856
112859
112863
112865
112900
112924
113103
113142
113260
113263
113279
113280
113285
113317
113318
113328
113338
113354
113355
113362
113364
113411
113415
113471
113473
113480
113485
113491
113501
113552
113562
113563
113564
113575
113663
113747
113753
113762
113763
113835
113856
113865
113942
113945
113989
113998
114001
114012
114024
114101
114102
114109
114124
114386
114412
114413
114437
114563
114589
114648
114756
114779
114782
114783
114784
114786
114789
114791
114792
114793
114795
114797
114803
114806
114814
114824
114825
114846
114847
114849
114850
114856
114857
114860
114870
114877
114879
115018
115023
115030
115033
115034
115037
115066
115070
115072
115078
115087
115090
115107
115118
115182
115208
115225
115228
115267
115280
115287
115294
115297
115302
115311
115312
115325
115326
115329
115331
115345
115352
115359
115361
115367
115377
115379
115399
115400
115404
115407
115413
115545
118415
118439
118440
118471
118477
118511
118519
118521
118528
118535
118541
118545
118592
118599
118601
118605
118611
118635
118656
118663
118664
118665
118679
118681
118709
118735
118738
118740
118771
118780
118797
118802
118803
118905
118931
118952
118953
118955
118956
118960
118961
118975
118992
118993
118994
118995
118996
118997
119000
119008
119013
119059
119070
119084
119179
119187
119193
119227
119247
119272
119279
119293
119299
119308
119318
119333
119340
119493
119519
119692
119914
119971
119990
120227
120452
121062
121070
121110
121114
121117
121122
121135
121142
121156
121173
121228
121230
121235
121239
121648
121658
121670
121676
121799
121801
121804
121817
121818
121851
121854
121925
121926
121930
121937
121938
121987
122021
122033
122037
122281
122301
122331
122332
122366
122371
122381
122407
123722
123727
123730
123731
123735
125738
126573
126616
126670
126686
126696
126714
126727
126729
126730
126731
126732
126734
126745
126750
126770
126772
126857
126886
126890
127204
127284
128279
128283
128292
128293
128297
128381
128390
128420
128424
128427
128442
128445
128448
128457
128458
128466
128496
128500
128503
128516
128527
128533
128579
128620
128635
128681
128682
128686
128688
128689
128712
128773
128894
129161
129818
129821
129828
129841
129855
129879
145681
145717
145720
145795
145859
146097
146152
146193
146194
146209
146211
146213
146218
146231
146373
146381
146385
146439
146450
146464
146485
146831
146841
147011
147012
147033
149044
149420
149525
149790
149858
150129
150150
150226
150273
153696
153728
153729
153751
153776
153817
153824
153893
153919
154026
154030
154043
154050
154121
154132
154134
154136
154140
154182
154337
155937
155947
155949
155950
156151
156218
156237
161514
161639
161704
161843
170297
170332
170338
170407
170408
170410
170424
170426
170492
170509
170539
170688
170704
170757
170822
170848
170886
170897
170909
170914
170922
170924
170966
170996
171008
171049
171063
171119
171134
171155
171236
171289
171318
171348
171363
171369
171548
171599
171643
171691
171737
171759
171773
171810
172621
172647
172667
172668
172694
172696
172702
172711
172725
172732
172734
172735
172740
172742
172746
172750
172752
172757
172758
172765
172768
172769
172771
172777
172784
172786
172803
172805
172807
172813
172820
172822
172826
172828
172829
172833
172835
172836
172847
172850
172853
172864
172866
172868
172875
172876
172877
172882
172883
172884
172886
172887
172888
172890
172894
172898
172902
172903
172906
172911
172914
172915
172917
172918
172919
172922
172933
172938
172941
172946
172949
172950
172954
172957
172958
172963
172967
172971
172986
172987
172989
172991
172992
172993
172994
173901
173910
173933
173941
174024
174029
174292
182121
192245
192261
192272
192285
192290
192300
192684
193157
198451
198455
198471
198477
198508
198510
198511
198594
198686
198734
198762
198805
198914
198983
199023
199038
199053
199279
199308
199333
200662
200671
200686
200694
200696
200699
200701
200718
200744
200784
200785
200846
200856
200873
200875
200897
200907
200912
200918
200920
200987
200993
201006
201013
201020
201031
201069
201078
201091
201092
201117
201126
201332
201392
201410
201418
201481
201524
201547
201557
201566
201567
201571
201575
201583
201584
201590
201601
201614
201615
201622
201624
201626
201633
201634
201643
201651
201656
201657
201663
201678
201681
201683
201707
201713
201764
204443
204541
204576
204577
204579
204592
204595
207803
207826
208194
208197
208198
208201
208206
208210
208225
208234
208239
208241
208242
208641
208803
208861
208865
208890
209069
209157
211784
212429
213130
213230
213243
213251
213253
213377
213437
216003
216145
216164
216210
216243
216249
216327
216507
216993
217015
217047
217086
217967
218777
218784
223068
223073
223095
223106
223114
223124
223281
223284
223300
223303
223369
223391
223398
223502
226844
226853
226858
226897
226906
226912
226915
226919
226954
227003
227150
227153
227174
227180
227199
227205
228872
228951
228953
228998
229229
229251
229296
229313
229464
229800
229808
229856
229889
229924
230069
230088
230133
230222
230227
230259
230308
230330
230345
230350
230382
230388
230413
230518
230537
230540
230541
230550
230598
230603
230606
230624
230635
230651
230712
230719
230720
230724
230756
230801
230897
230951
230997
231068
231071
231129
231178
231201
231206
231264
231349
232775
232777
233035
234041
234107
234116
234132
234200
234921
234932
234978
235003
235006
235108
235126
235217
238978
239114
239122
239140
239153
239209
239265
239267
239273
239292
239299
239355
239359
239385
239397
239413
239502
239660
239704
239706
239707
239710
239712
239765
239773
239813
239881
239888
239914
240801
240961
241047
241260
241420
241527
241532
241535
241597
241605
241611
241619
241655
241709
241751
241768
241808
241810
241878
241883
241898
241902
241903
241906
241964
242005
242012
242410
242501
242513
242516
242538
242542
242557
242638
242640
242676
242713
242720
242722
242728
242749
242760
242761
242776
242782
242815
242962
243144
243145
243147
243151
243158
243187
243201
243208
243224
243271
243286
243533
243550
244227
244468
244624
244673
244835
247139
247153
247437
248288
248289
248291
248293
250453
250454
250457
250464
250621
250881
250890
250910
250917
250940
250941
255619
255657
255832
255839
255868
255906
255908
255915
255938
259713
259738
259755
260096
260257
260261
260262
260267
260268
260282
260285
260292
260293
260301
260302
260308
260313
260317
260348
260374
260384
260400
268079
268089
268094
268095
268097
268098
268102
268103
268171
268180
268189
268190
268202
268203
268335
268358
268372
268385
268399
268402
268403
268426
268482
268483
269071
269431
269451
269520
269536
269559
269792
269814
269818
269825
269827
269841
269847
269940
269964
269975
270000
270329
270365
270465
270466
270647
270659
270660
270674
270697
270729
270739
270752
270810
270909
270912
271891
271932
271977
272007
272164
272184
272618
272635
272659
272692
272737
272741
272743
272782
272817
272819
272833
272920
272979
272995
273016
273017
273026
273027
273029
273031
273040
273064
273093
273123
273132
273135
273178
273184
273190
273260
273298
273355
273432
273600
350825
350836
350851
350854
350863
350965
351031
351034
351047
351065
351068
351069
351073
351074
351078
351088
351291
351304
351310
351312
351362
351455
351503
351514
351519
351526
351542
351573
351583
351603
351606
351616
351627
351628
351629
351630
351631
351634
351635
351636
351637
351684
351714
351718
351719
351722
351724
351734
351735
351743
351747
351751
351753
351755
351757
351759
351761
351762
351764
351765
351768
351769
351770
351772
351776
351777
351778
351780
351788
351789
351791
351793
351795
351799
351801
351802
351803
351804
351805
351806
351810
351816
351821
351965
351971
351972
351977
351982
351987
352009
352012
352068
352070
352077
352088
352116
352127
352130
352132
352138
352141
352148
352149
352170
352172
352178
352179
352188
352213
352223
352232
352234
352259
352270
352274
352276
352301
352337
352364
352375
352633
352650
352653
352674
352679
352978
352984
353011
353017
353041
353050
353064
353069
353121
353129
353132
353136
353145
353360
353361
353372
353413
353450
353453
353455
353462
353465
353541
353555
353576
353591
353652
353653
353654
353657
353664
353667
353732
353793
353876
353971
353972
354091
354099
354103
354108
354122
354126
354142
354146
354147
354158
354160
354212
354254
354272
354318
354326
354336
354338
354341
354347
354382
354405
354408
354435
354451
354454
354456
354492
354505
354514
354667
354699
354710
354711
354725
354731
354743
354763
354800
354802
354821
354822
354823
355018
355019
355032
355058
355059
355061
355080
355083
355116
355117
355130
355175
355179
355299
355301
355302
355320
355427
355433
355684
355713
355717
355735
355743
355904
355913
355920
355964
356035
356043
356198
376733
376755
376820
377068
377096
377105
377120
377133
377255
377336
377377
377528
377535
377556
377557
377594
377762
377883
377903
378202
378221
378255
378297
378302
378306
378348
378471
378602
378666
378748
378812
378813
378820
378829
378836
378935
378936
379058
379076
379137
379152
379175
379177
379358
379409
379448
379582
379623
379680
379702
379708
379715
379834
379870
379889
380088
380209
380227
380244
380314
380607
380644
380750
380804
380886
380953
381192
381204
381223
381300
381320
381358
381359
381424
381528
381584
381593
381748
381874
381925
382105
382152
382296
382373
382389
382481
382514
382725
382760
382997
383089
383287
383340
383369
383372
383392
383508
383603
383646
383737
384666
384827
385299
385350
385425
385627
385643
385669
385752
385855
385893
385943
386021
386031
386047
386058
386085
386088
386291
386395
386422
386558
386594
386610
386673
386946
386955
387021
387075
387220
387533
387563
387602
387610
387650
387690
387700
388002
388033
388178
388214
388798
388899
389007
389051
389103
389160
389206
389213
389300
389565
389607
389614
389785
389903
389911
389919
390033
390201
390535
390935
390941
391122
391162
391218
391263
391304
391348
391370
391570
391642
391688
391689
391726
391736
391743
391794
391820
392053
392082
392126
392155
392175
392294
392310
392368
392423
392467
392486
392607
392907
392943
392999
393026
393070
393266
393269
393271
393653
393663
393668
393804
393825
394013
394185
394319
394622
394682
394769
395208
395417
395423
395463
395481
395483
395484
395508
395515
395516
395518
395531
395548
395552
395560
395566
395569
395579
395610
395612
395626
395627
395631
395637
395666
395671
395724
395725
395744
395749
395769
395860
395984
395990
395996
396003
396128
396142
396178
396180
396181
396223
396304
396356
396467
396564
396565
396568
396582
396587
396595
396597
396601
396610
396624
396694
396716
396726
397317
397322
397828
397954
397956
397983
398042
398047
398052
398064
398073
398101
398122
398183
398187
398198
398209
398211
398267
398287
398304
398401
398543
398550
398602
398695
398881
398899
398914
398923
399160
399212
399247
399359
399400
399444
399532
399535
399558
399607
399616
399643
399649
399659
399667
399691
399692
399768
399790
399852
399857
399861
399874
399885
399890
400061
400064
400098
400099
400111
400116
400129
400162
400169
400171
400172
400173
400194
400242
400243
400254
400265
400310
400316
400336
400393
400394
400412
400415
400417
400582
400602
400617
400625
400667
400684
400732
400738
400841
400915
400979
401030
401074
401083
401102
401113
401119
401138
401182
401213
401232
401236
401247
401283
401295
401296
401335
401337
401343
401357
401390
401396
401408
401423
401435
401441
401494
401707
401720
401764
401773
401797
401844
401872
401985
402027
402031
402047
402062
402069
402114
402171
402223
402258
402260
402351
402518
402526
402714
402946
403325
403387
403406
403484
403486
403511
403525
403529
403587
403618
403640
403660
403667
403689
403698
403707
403731
403738
403739
403745
403766
403770
403806
403811
403813
403816
403820
403823
403825
403848
403861
403863
403880
403882
403948
403949
404045
404075
404138
404155
404197
404209
404213
404232
404242
404247
404284
404328
404336
404342
404350
404395
404408
404438
404490
404526
404654
404934
404998
405088
405139
405175
405181
405209
405439
405665
405866
406005
414567
414578
414638
414644
414646
414649
414676
414693
414695
414709
414710
414711
414712
414735
414795
414810
414968
415009
415121
415165
415188
415299
415306
415370
415406
415433
415450
415464
415566
415741
415823
419390
419953
419980
420116
420151
420220
420264
420271
420304
420337
420385
420502
420514
420531
420633
420639
420648
420718
420739
420751
420767
420786
420849
420875
420969
420979
420982
421044
421321
421329
421355
421393
421546
421564
421661
421690
421698
421706
421719
421722
421828
422355
422357
422370
422411
422446
422526
422837
422921
423019
423313
423323
423372
423424
423426
423437
423513
423708
423814
423842
424205
424346
424425
424460
424570
424677
424699