2787
4161
12335
51402
51404
74609
74662
74669
74678
74725
75172
75288
75289
75290
75350
75454
75583
75586
75594
75715
75787
75799
75968
76947
77715
78429
78448
78450
78879
79279
79399
79457
79958
79968
80588
81967
82004
82035
82206
82224
82230
85143
85714
85970
86043
86076
86094
86095
86102
86118
86824
86855
86856
86870
87400
87985
88015
88016
88019
88023
88043
88312
88409
88420
88556
88624
88641
88648
88656
88666
88684
88699
88723
88736
88747
88748
88757
91948
91965
93463
94755
99401
99423
99503
102239
102255
102298
102301
102331
102755
103464
103478
103543
103556
103565
103579
103584
103591
103597
103646
103678
103695
104447
104556
104598
104878
105370
106862
108213
109540
109559
112414
112645
112659
112673
112746
112795
112896
113277
113390
113479
113484
113489
113660
113674
114796
114800
114807
114852
115042
115051
115053
115055
115061
115068
115071
115079
115193
115339
115344
115384
117054
118459
118710
118941
119031
119120
120469
121249
121833
123623
126900
128387
128423
129798
129802
137292
146393
146399
152107
153693
153718
153719
153727
153740
153758
153760
153761
154137
154139
155939
170330
170414
172664
172767
172800
172821
172849
172867
172925
172976
172988
172996
177739
182134
188684
192284
196417
196422
198479
198939
200836
200848
200849
200866
200896
200903
200919
201050
201383
201385
201573
201586
201623
201677
201682
201706
213143
216044
216156
216508
217008
217049
218776
220524
220589
222857
223098
223400
226909
226929
227141
230234
230514
231149
232913
233238
233949
234987
235032
235207
239260
239703
239714
240496
241392
241601
242000
242019
242024
242499
242739
243280
255665
255847
255864
255891
259731
260272
260389
264399
268379
270658
273012
351066
351072
351516
351632
351728
351773
351775
351784
351785
351787
351797
351808
351819
351820
352113
352129
352180
352251
352365
353003
353126
353139
353561
353595
353659
353784
353942
353947
353970
354112
354139
354224
354311
354342
354346
355035
355744
355979
355986
356120
376804
377705
377780
378209
378280
378637
378746
378760
378768
378788
378817
378819
379003
379084
379164
379780
380132
380147
380198
380432
384245
384258
384341
384404
384822
385199
386502
387054
387870
388102
389121
390255
390862
391552
391923
392576
393252
393255
393534
393718
394311
394334
394649
394695
395229
395276
395405
395491
395496
395500
395541
395550
395570
395600
395601
395713
395727
395748
395859
395950
395966
396045
396604
396619
397176
397316
397827
397949
397979
398080
398262
398296
398311
398373
398484
398517
399124
399246
399416
399514
399666
400181
400184
400241
400249
400418
400627
400682
400759
400783
400914
401052
401131
401347
401348
401415
402026
402108
402350
402439
402525
402726
403334
403659
403664
403681
403746
403822
403834
403886
403917
403956
404017
404018
404217
404277
404294
404425
404651
404701
404727
404848
405001
414659
414698
415432
416887
418465
419949
420170
420175
420269
420327
420395
420411
420474
420600
420615
420631
420638
420680
420687
420696
420760
420765
420793
420804
420830
420837
420860
420967
421042
421058
421155
421158
421489
421512
421751
422406
422549
422573
422729
422753
422883
422884
423353
423431
423449
423506
423741
424262
424489
424621
424717
424785