2639
2640
2641
2642
2643
2645
2651
2655
2656
2658
2660
2662
2666
2667
2670
2676
2677
2678
2679
2680
2681
2683
2684
2687
2688
2693
2697
2702
2706
2716
2717
2718
2729
2739
2742
2746
2747
2755
2756
2772
2773
2775
2787
2788
2789
2791
2792
2794
2798
2803
2816
2820
2823
2827
2837
2838
2842
2846
2858
2870
2878
2881
2885
2889
2893
2898
2902
2907
2909
2913
2918
2927
2934
2939
2941
2955
2957
2958
2962
2963
2971
2986
2992
2996
2998
3003
3009
3011
3014
3018
3019
3030
3036
3038
3041
3042
3047
3056
3057
3086
3099
3117
3118
3132
3140
3143
3144
3165
3167
3202
3293
3329
3334
3375
3376
3504
4013
4020
4033
4069
4074
4093
4103
4106
4121
4128
4161
4173
4192
4193
4240
4245
4254
4282
4286
4370
4396
4479
4523
4543
4553
4564
4578
4653
4675
4805
4809
4811
4823
4826
4840
4848
4859
4879
4912
4921
4978
5006
5956
5957
5974
5985
5991
5998
6001
6012
6018
6020
6025
6213
6579
7388
10065
10082
10084
10089
10102
10122
10127
10135
10312
10548
10646
10648
10787
11306
11394
11960
11964
11972
11976
11978
11995
12006
12080
12187
12298
12300
12304
12312
12323
12325
12327
12334
12335
12353
12708
12959
17076
17080
17085
17090
17096
17098
17101
17104
17106
17110
17117
17120
17121
17125
17132
17137
17172
17187
17190
17269
17274
17319
17362
17537
17539
17552
17565
17574
17584
17586
17591
17594
17686
17687
18149
18223
18382
18384
18392
18501
19265
20741
20762
20774
20802
20811
20857
20881
20885
21119
21346
21399
21448
21478
21484
21485
21566
21622
21697
22627
22641
22664
22758
22786
23290
23317
25149
25156
25175
25188
25189
25195
25196
25201
25206
26100
26130
26136
26160
26363
26367
28018
28056
28069
30661
30755
30826
32849
33567
41022
41030
41046
41093
41114
41129
41277
41278
41599
41612
45882
45896
45899
45908
45964
46054
46535
46540
46550
46551
46554
46673
48374
48381
48387
48388
48401
48404
48410
48422
48424
48434
48458
48462
48468
48469
49203
49590
50724
50727
50728
50740
50741
50742
50749
50757
50762
50775
50794
50802
50818
50819
50827
50846
50849
50863
50865
50898
50922
50929
50935
50939
50944
50954
50975
50977
50985
50988
50990
50993
51020
51051
51263
51268
51275
51280
51293
51296
51300
51303
51305
51307
51308
51314
51324
51326
51332
51333
51334
51351
51354
51355
51365
51371
51372
51374
51377
51402
51404
51414
51421
51460
51467
51475
51477
51479
51480
51485
51487
51495
51809
51812
51819
61112
61124
61127
61151
61153
61189
61193
61201
61447
61459
70905
70947
70955
70965
70995
71003
74502
74504
74508
74513
74516
74520
74526
74529
74530
74532
74535
74537
74548
74549
74553
74557
74560
74562
74566
74567
74570
74571
74576
74579
74585
74586
74587
74588
74590
74603
74609
74616
74619
74634
74642
74644
74645
74646
74647
74648
74655
74657
74659
74660
74661
74662
74669
74675
74678
74694
74703
74725
74732
74735
74736
74738
74743
74747
74751
74754
74756
74812
74814
74818
74819
74824
74849
74850
74854
74866
74877
74881
74883
74886
74895
74897
74898
74899
74900
74901
74904
74915
74916
74921
74924
74925
74926
74934
74937
74940
74941
74943
74961
74986
75019
75020
75021
75022
75023
75024
75025
75061
75078
75101
75102
75107
75118
75139
75140
75141
75165
75172
75180
75184
75196
75197
75210
75221
75226
75227
75230
75234
75240
75255
75256
75258
75260
75269
75273
75281
75282
75284
75287
75289
75290
75291
75292
75294
75296
75297
75307
75308
75334
75335
75337
75345
75350
75377
75387
75399
75407
75415
75416
75417
75420
75436
75437
75442
75448
75449
75452
75454
75455
75459
75460
75461
75464
75466
75470
75471
75472
75477
75480
75483
75485
75487
75493
75502
75512
75513
75515
75521
75526
75528
75538
75539
75555
75556
75560
75572
75578
75580
75581
75583
75586
75591
75594
75595
75601
75603
75608
75615
75620
75625
75628
75629
75635
75640
75652
75658
75659
75666
75669
75671
75676
75682
75683
75685
75686
75687
75692
75696
75710
75715
75717
75722
75726
75727
75730
75733
75735
75736
75738
75741
75748
75749
75752
75756
75757
75765
75767
75768
75776
75784
75787
75799
75812
75823
75833
75842
75844
75846
75849
75851
75855
75857
75865
75867
75874
75880
75882
75884
75885
75889
75890
75896
75897
75903
75905
75908
75909
75910
75916
75927
75939
75948
75949
75950
75954
75960
75961
75965
75968
75972
75973
75974
75975
75976
75977
76002
76003
76004
76008
76009
76083
76087
76089
76099
76100
76102
76108
76109
76110
76143
76162
76166
76179
76195
76196
76199
76202
76205
76207
76211
76229
76233
76235
76236
76237
76238
76247
76249
76277
76279
76283
76285
76288
76290
76305
76309
76311
76312
76315
76316
76317
76318
76320
76325
76336
76347
76348
76353
76354
76357
76363
76365
76368
76371
76376
76384
76387
76399
76400
76406
76410
76411
76414
76417
76422
76425
76427
76428
76429
76430
76431
76434
76435
76436
76475
76481
76487
76489
76496
76497
76579
76583
76590
76591
76593
76598
76637
76638
76641
76643
76644
76649
76652
76655
76657
76658
76660
76661
76663
76683
76702
76703
76706
76709
76712
76713
76714
76715
76716
76718
76804
76906
76907
76910
76911
76912
76919
76921
76938
76944
76945
76947
76948
76950
77107
77145
77148
77150
77151
77155
77159
77163
77165
77166
77170
77172
77174
77176
77181
77194
77204
77279
77284
77314
77323
77407
77409
77412
77423
77425
77428
77448
77595
77598
77599
77612
77613
77614
77615
77623
77624
77715
77716
77717
77746
77750
77757
77760
77761
77762
77900
77901
77902
77904
77905
77906
77907
77916
77928
77929
77933
77935
77936
77937
77939
77947
78142
78149
78153
78157
78161
78335
78336
78339
78340
78344
78369
78370
78387
78391
78392
78393
78394
78399
78407
78418
78421
78429
78433
78437
78441
78442
78448
78450
78453
78455
78462
78466
78472
78483
78484
78495
78497
78498
78500
78502
78503
78508
78509
78510
78517
78518
78519
78520
78522
78525
78526
78528
78529
78530
78531
78532
78537
78539
78558
78564
78565
78597
78606
78611
78614
78619
78651
78655
78744
78750
78757
78784
78787
78788
78789
78791
78792
78799
78801
78803
78807
78809
78811
78812
78813
78817
78827
78831
78832
78835
78837
78847
78873
78879
78883
78886
78891
78895
78899
78904
78909
79020
79024
79030
79034
79036
79037
79038
79039
79041
79042
79045
79210
79231
79254
79278
79279
79283
79291
79303
79314
79316
79325
79326
79330
79348
79349
79350
79356
79369
79374
79382
79386
79393
79394
79399
79403
79404
79405
79412
79413
79415
79418
79424
79425
79431
79433
79434
79438
79440
79441
79444
79449
79450
79452
79453
79454
79456
79457
79460
79462
79463
79486
79503
79505
79507
79511
79514
79661
79668
79693
79700
79702
79712
79714
79717
79728
79732
79737
79740
79743
79758
79759
79761
79766
79780
79786
79788
79790
79794
79797
79798
79800
79806
79808
79811
79820
79826
79852
79855
79862
79886
79889
79910
79914
79916
79921
79922
79934
79942
79949
79954
79956
79957
79958
79959
79961
79964
79965
79968
80002
80008
80010
80013
80017
80027
80029
80039
80043
80050
80051
80056
80057
80060
80061
80062
80063
80065
80190
80198
80199
80210
80211
80214
80252
80256
80280
80305
80311
80314
80318
80323
80325
80332
80338
80341
80345
80349
80366
80367
80369
80371
80378
80379
80382
80383
80390
80391
80393
80394
80396
80398
80399
80401
80403
80406
80408
80409
80411
80533
80546
80580
80585
80587
80588
80590
80598
80599
80604
80605
80606
80607
80612
80713
80714
80715
80716
80725
80727
80728
80732
80735
80858
80907
80910
80914
80915
80925
80928
80931
80936
80937
80956
81809
81810
81813
81814
81818
81821
81823
81831
81833
81835
81836
81838
81841
81843
81845
81847
81851
81853
81857
81861
81863
81864
81867
81868
81873
81875
81877
81880
81881
81884
81885
81887
81888
81889
81892
81896
81927
81941
81946
81947
81948
81949
81950
81951
81955
81956
81960
81961
81962
81964
81967
81968
81971
81977
81978
81982
81985
81989
81994
82003
82004
82007
82008
82016
82018
82028
82029
82030
82035
82038
82039
82042
82043
82046
82047
82049
82052
82054
82055
82056
82059
82061
82064
82072
82073
82075
82078
82079
82081
82082
82083
82084
82086
82091
82093
82094
82095
82096
82097
82098
82101
82102
82104
82107
82109
82112
82113
82114
82116
82117
82118
82119
82124
82125
82128
82138
82145
82147
82150
82151
82152
82153
82155
82167
82206
82212
82215
82224
82227
82228
82234
82246
82309
82316
82317
82323
82325
82328
82330
82331
82333
82335
82336
82339
82341
82343
82345
82349
82350
82352
82353
82355
82357
82358
82360
82361
82362
82363
82365
82400
82409
82453
82454
82459
82464
82469
82471
82475
82479
82483
82488
82492
82493
82496
82497
82503
82504
82507
82508
82512
82515
82543
82547
82550
82559
82561
82895
82909
82910
82912
82913
82914
82915
82916
83401
83403
83409
83410
83414
83417
83419
83422
83423
83427
83429
83433
83436
83437
83438
83443
83451
83455
83458
83459
83462
83464
83465
83466
83467
83473
83475
83478
83479
83481
83483
83486
83488
83491
83492
83493
83495
83496
83497
83500
83501
83514
83522
83523
83527
83529
83539
83542
83544
83546
83551
83556
83558
83560
83563
83566
83567
83568
83569
83571
83590
83603
83608
83615
83627
83644
83655
83688
83695
83697
83698
83699
83700
83702
83703
83708
83712
83737
83742
83745
83747
83756
83757
83761
83763
83765
83774
83775
83821
83824
83826
83828
83830
83831
83834
83835
83837
83839
83846
83848
83849
83855
83857
83858
83860
83862
83864
83865
83867
83886
84473
84476
84576
84582
84586
84590
84591
84593
84594
84595
84596
84600
84603
84606
84607
84612
84618
84620
84625
84628
84630
84631
84635
84779
84782
84795
84920
84921
84923
84924
84926
84934
84939
84940
84944
84946
84948
84955
84956
84959
84963
84965
84967
84970
84975
84979
84981
84982
84983
84986
85000
85005
85091
85102
85106
85109
85113
85114
85115
85119
85124
85131
85134
85137
85140
85142
85143
85146
85147
85572
85573
85574
85578
85582
85583
85585
85953
85963
85970
85990
86043
86058
86061
86063
86070
86076
86078
86085
86087
86093
86094
86095
86100
86102
86114
86118
86122
86125
86129
86135
86140
86143
86147
86152
86155
86158
86162
86166
86167
86168
86169
86409
86469
86484
86491
86492
86493
86495
86506
86512
86523
86524
86534
86535
86845
86849
86853
86855
86856
86858
86860
86861
86865
86869
86870
86871
86873
86877
86878
87984
87985
87999
88003
88004
88008
88012
88015
88016
88018
88019
88022
88023
88026
88033
88034
88036
88037
88043
88047
88048
88049
88050
88053
88055
88057
88058
88059
88062
88068
88087
88088
88090
88091
88093
88096
88097
88098
88101
88104
88105
88106
88108
88110
88114
88118
88126
88129
88213
88227
88254
88255
88284
88286
88289
88291
88292
88293
88297
88298
88301
88304
88305
88308
88309
88310
88312
88314
88315
88316
88317
88320
88321
88323
88327
88328
88329
88330
88331
88337
88340
88345
88347
88349
88365
88367
88368
88379
88380
88381
88382
88385
88387
88389
88392
88399
88400
88407
88408
88409
88415
88418
88424
88426
88428
88433
88435
88436
88440
88442
88449
88454
88456
88464
88473
88479
88482
88488
88489
88490
88491
88494
88495
88496
88497
88498
88500
88502
88503
88504
88506
88507
88508
88509
88511
88512
88524
88527
88528
88531
88533
88539
88540
88542
88543
88544
88548
88556
88560
88565
88568
88624
88626
88638
88639
88641
88643
88645
88648
88656
88661
88666
88667
88670
88675
88678
88684
88686
88690
88698
88699
88700
88703
88708
88713
88715
88718
88719
88721
88727
88736
88748
88749
88980
89019
89024
89031
89040
89062
89063
89074
89077
89080
89088
89091
89092
89093
89096
89098
89103
89106
89107
89109
89113
89114
89115
89118
89123
89596
89614
89619
89636
89687
89689
89691
89718
89755
89780
89782
89789
89798
89828
89833
89834
89838
89839
89843
89844
89845
89848
89871
89938
89958
89964
90004
90018
90023
90025
90033
90039
90045
90049
90053
90055
90060
90071
90072
90074
90079
90086
90088
90097
90101
90112
90127
91855
91910
91922
91925
91943
91948
91950
91965
91994
92000
92006
92008
92009
92021
92023
92035
92049
92053
92063
92070
92072
92115
92124
94039
94059
94090
94092
94094
94135
94137
94149
94150
94152
94158
94161
94162
94169
94170
94172
94179
94183
94187
94189
94194
94197
94491
94492
94493
94648
94746
94755
94761
94762
94771
94773
94774
94776
94779
94882
95399
95405
95406
95410
95411
95418
95421
95423
95424
95433
95434
95435
95442
95449
95450
95453
95455
95463
95467
95468
95469
95480
95484
95489
95492
95494
95495
95496
95497
95508
95509
95510
95532
99120
99121
99135
99141
99163
99165
99170
99173
99177
99178
99185
99193
99204
99205
99208
99210
99211
99212
99213
99214
99224
99227
99231
99232
99235
99236
99237
99238
99239
99242
99245
99247
99250
99254
99255
99260
99263
99265
99270
99271
99272
99276
99280
99283
99291
99293
99297
99303
99304
99305
99309
99312
99315
99316
99317
99318
99319
99320
99322
99332
99361
99362
99380
99384
99386
99394
99395
99396
99399
99401
99404
99405
99408
99410
99411
99415
99416
99418
99420
99423
99424
99427
99429
99433
99435
99436
99437
99439
99441
99442
99443
99444
99446
99450
99455
99457
99459
99461
99463
99465
99468
99469
99470
99474
99479
99484
99485
99486
99488
99489
99492
99494
99496
99499
99500
99503
100457
100461
100462
100464
100472
100474
100477
100489
100496
100498
100513
100514
100515
100520
100522
100524
100526
100527
100528
100529
100534
100536
100539
100540
100541
100542
100547
100552
100553
100555
102133
102180
102231
102237
102238
102241
102242
102246
102249
102252
102253
102255
102267
102270
102271
102272
102274
102279
102282
102304
102305
102307
102309
102319
102331
102332
102334
102338
102339
102343
102344
103424
103449
103464
103470
103478
103482
103484
103491
103513
103518
103543
103546
103547
103556
103557
103565
103567
103572
103577
103579
103582
103584
103591
103594
103597
103606
103607
103613
103614
103617
103623
103625
103637
103646
103653
103654
103661
103663
103674
103678
103693
103695
103697
103698
103699
103702
103711
103733
103739
103741
103751
103767
103801
103811
103813
103815
103819
103823
103877
103923
103993
103999
104001
104017
104039
104048
104049
104061
104064
104111
104113
104116
104118
104127
104132
104145
104146
104152
104154
104157
104164
104166
104176
104206
104210
104212
104214
104216
104218
104221
104222
104228
104239
104241
104242
104254
104258
104259
104266
104275
104277
104285
104292
104305
104306
104316
104318
104361
104368
104398
104400
104401
104404
104414
104415
104426
104430
104439
104440
104442
104447
104450
104453
104458
104460
104463
104469
104471
104474
104483
104495
104497
104501
104508
104511
104515
104520
104525
104532
104534
104538
104541
104544
104549
104552
104555
104559
104560
104565
104568
104570
104571
104576
104578
104580
104590
104592
104598
104599
104602
104605
104608
104609
104611
104615
104619
104623
104624
104626
104627
104628
104631
104632
104633
104634
104637
104639
104642
104644
104649
104650
104656
104657
104658
104661
104670
104737
104749
104751
104753
104758
104782
104785
104799
104826
104827
104828
104831
104832
104838
104847
104849
104850
104856
104860
104867
104868
104878
104880
104883
104886
104890
104899
104901
104912
104915
104924
104925
104983
104996
105029
105030
105083
105110
105111
105113
105120
105121
105128
105132
105137
105139
105232
105235
105239
105240
105242
105247
105249
105253
105257
105274
105277
105346
105356
105366
105371
105373
106456
106457
106458
106462
106528
106537
106540
106543
106545
106552
106553
106554
106556
106588
106608
106611
106612
106866
106870
106871
106977
107472
107473
107484
107515
107518
107525
107539
108169
108170
108172
108174
108178
108186
108187
108200
108201
108202
108204
108205
108206
108207
108211
108213
108214
108216
108219
108222
108223
108226
108237
108238
108248
108260
108269
108307
108312
109259
109263
109264
109266
109268
109269
109271
109278
109283
109286
109292
109298
109302
109319
109366
109380
109383
109386
109388
109390
109392
109408
109414
109417
109424
109427
109428
109468
109476
109478
109479
109480
109481
109482
109484
109494
109501
109502
109503
109507
109508
109512
109514
109515
109529
109540
109548
109549
109558
109559
109562
109563
109565
109567
109569
109571
109577
109578
109580
109582
109583
109622
109631
109686
109744
109772
109791
109811
109839
109841
111933
111935
111936
111940
111942
111959
111964
111975
111982
112407
112414
112490
112628
112630
112642
112645
112646
112650
112651
112657
112659
112661
112662
112665
112668
112669
112671
112673
112683
112686
112688
112689
112690
112691
112694
112695
112696
112699
112700
112701
112706
112711
112712
112714
112723
112726
112730
112734
112735
112736
112737
112739
112740
112741
112745
112746
112747
112748
112749
112750
112751
112759
112765
112771
112783
112789
112792
112793
112795
112805
112807
112826
112832
112833
112835
112838
112846
112850
112854
112862
112868
112870
112871
112882
112889
112890
112893
112896
112903
112908
112914
112923
112928
112929
112930
112931
112936
112940
112948
112963
112985
113005
113011
113018
113040
113048
113062
113063
113065
113075
113077
113078
113079
113084
113085
113087
113088
113089
113090
113093
113097
113100
113101
113112
113120
113133
113135
113144
113145
113151
113156
113157
113163
113165
113167
113170
113174
113182
113184
113185
113188
113191
113196
113199
113201
113208
113209
113214
113240
113265
113266
113277
113284
113323
113324
113326
113340
113342
113344
113349
113358
113368
113387
113390
113400
113409
113413
113419
113452
113463
113465
113472
113484
113487
113489
113495
113500
113502
113526
113529
113533
113545
113546
113549
113551
113553
113554
113555
113556
113557
113558
113559
113561
113565
113567
113569
113570
113571
113580
113581
113599
113600
113625
113643
113644
113646
113657
113660
113674
113697
113713
113718
113720
113727
113728
113736
113744
113749
113757
113759
113768
113783
113784
113786
113788
113792
113793
113795
113796
113797
113803
113807
113808
113815
113816
113820
113825
113832
113833
113837
113844
113847
113850
113864
113867
113874
113876
113881
113882
113884
113885
113892
113893
113894
113898
113902
113909
113913
113914
113919
113926
113928
113933
113937
113941
113956
113962
113976
113980
113982
113984
113995
114000
114002
114003
114007
114008
114011
114019
114025
114026
114030
114031
114039
114041
114046
114049
114059
114064
114072
114075
114076
114078
114089
114106
114107
114129
114132
114141
114142
114145
114151
114152
114157
114161
114164
114165
114167
114169
114171
114173
114174
114363
114364
114367
114389
114398
114405
114408
114417
114420
114426
114429
114430
114432
114433
114436
114441
114442
114443
114444
114447
114450
114454
114455
114456
114467
114476
114479
114485
114486
114489
114493
114494
114496
114497
114501
114507
114509
114514
114516
114518
114520
114521
114528
114529
114540
114545
114552
114553
114556
114558
114559
114564
114565
114569
114571
114577
114578
114579
114585
114588
114591
114593
114595
114596
114599
114605
114606
114620
114626
114627
114639
114644
114650
114652
114653
114663
114664
114669
114671
114676
114700
114701
114714
114746
114752
114760
114771
114777
114778
114781
114785
114788
114790
114796
114798
114799
114800
114802
114804
114805
114807
114809
114810
114811
114813
114817
114818
114819
114821
114827
114829
114833
114834
114835
114836
114840
114842
114845
114852
114864
114866
114867
114875
114880
114882
114883
114887
114890
114899
114907
114910
114911
114918
114968
114985
115008
115011
115019
115029
115031
115036
115042
115051
115053
115055
115061
115069
115071
115079
115103
115109
115117
115124
115174
115178
115181
115186
115188
115190
115192
115193
115197
115200
115201
115210
115212
115215
115218
115220
115224
115226
115227
115229
115230
115232
115238
115239
115240
115241
115242
115244
115248
115254
115262
115264
115275
115278
115279
115288
115298
115300
115303
115309
115310
115313
115315
115322
115330
115336
115339
115342
115344
115349
115351
115354
115356
115363
115378
115382
115383
115385
115386
115401
115402
115403
115410
115488
115492
115498
115507
115508
115510
115511
115512
115513
115516
115518
115519
115524
115528
115529
115531
115533
115539
115540
115542
115543
115550
115555
115563
115566
115569
115600
115613
115614
115621
116997
117054
118397
118399
118401
118402
118403
118404
118407
118410
118413
118414
118416
118418
118419
118437
118458
118460
118462
118468
118470
118478
118479
118480
118481
118483
118484
118486
118493
118502
118512
118515
118517
118522
118525
118526
118530
118531
118532
118533
118536
118538
118539
118543
118544
118547
118548
118549
118551
118557
118565
118582
118590
118593
118595
118597
118602
118604
118608
118610
118612
118613
118614
118616
118618
118620
118621
118622
118623
118630
118633
118634
118636
118637
118640
118642
118644
118647
118648
118652
118655
118658
118659
118662
118673
118682
118683
118684
118710
118714
118717
118724
118728
118730
118736
118737
118739
118742
118745
118751
118753
118755
118756
118759
118763
118766
118768
118770
118778
118784
118786
118788
118789
118791
118792
118794
118795
118798
118800
118801
118809
118810
118813
118816
118817
118818
118819
118830
118839
118841
118844
118845
118852
118853
118855
118857
118858
118860
118874
118875
118876
118879
118880
118883
118885
118886
118888
118889
118890
118891
118892
118897
118899
118900
118907
118908
118910
118911
118914
118916
118917
118918
118920
118922
118923
118924
118925
118926
118928
118929
118935
118938
118941
118946
118949
118950
118951
118954
118957
118962
118965
118969
118970
118971
118972
118973
118976
118980
118985
118986
118987
118988
118990
118998
119001
119006
119007
119010
119011
119016
119017
119025
119026
119029
119031
119033
119035
119037
119039
119042
119044
119053
119057
119060
119062
119063
119064
119065
119075
119080
119087
119089
119090
119091
119092
119093
119095
119097
119098
119100
119101
119103
119108
119109
119116
119117
119118
119120
119121
119128
119130
119134
119146
119148
119149
119182
119192
119203
119205
119220
119230
119234
119238
119246
119252
119253
119254
119262
119263
119268
119282
119294
119303
119304
119305
119314
119319
119321
119326
119328
119332
119338
119355
119356
119363
119368
119369
119412
119426
119460
119485
119486
119487
119489
119490
119498
119499
119500
119502
119503
119504
119505
119506
119507
119510
119511
119512
119513
119514
119515
119518
119621
119637
119638
119639
119640
119647
119652
119654
119655
119657
119658
119674
119680
119697
119698
119735
119737
119738
119739
119741
119746
119747
119750
119755
119784
119839
119861
119895
119900
119906
119910
119931
119935
119937
119940
119945
119946
119947
119948
119954
119955
119958
119959
119967
119968
119977
119984
119987
119989
120025
120451
120454
120455
120456
120463
120469
120472
121063
121066
121081
121104
121105
121106
121109
121111
121112
121119
121120
121123
121143
121144
121146
121150
121154
121157
121158
121159
121160
121162
121171
121172
121177
121178
121179
121180
121183
121186
121190
121196
121198
121223
121233
121242
121247
121249
121252
121290
121384
121646
121649
121650
121652
121665
121666
121668
121672
121675
121677
121680
121681
121683
121684
121798
121806
121807
121814
121816
121819
121820
121833
121834
121837
121838
121839
121857
121858
121860
121915
121927
121935
121943
121967
121968
121969
121970
121975
122031
122034
122035
122036
122242
122270
122276
122277
122290
122303
122318
122320
122326
122368
122382
122385
122386
123381
123619
123622
123623
123627
123628
123630
123631
123717
123718
123719
123720
123723
123724
123729
123736
125467
125472
125481
125536
125546
125549
125570
125572
125741
125746
125751
125752
126229
126564
126566
126568
126571
126572
126577
126578
126579
126582
126583
126585
126586
126596
126601
126604
126605
126606
126607
126610
126633
126635
126637
126640
126643
126644
126648
126658
126659
126660
126661
126663
126664
126665
126666
126673
126676
126679
126683
126687
126693
126697
126702
126711
126718
126722
126725
126726
126744
126746
126748
126755
126757
126759
126777
126780
126784
126791
126794
126813
126823
126826
126831
126833
126840
126842
126844
126846
126859
126868
126871
126875
126880
126887
126900
126995
127095
127109
127115
127118
127156
127189
127191
127192
127200
127202
127205
127208
127216
127254
127265
127266
127270
127273
127279
127281
127282
127321
127916
127952
128220
128225
128263
128280
128282
128286
128294
128305
128387
128421
128422
128423
128444
128446
128455
128456
128471
128477
128486
128487
128488
128489
128490
128494
128495
128499
128504
128505
128506
128508
128510
128511
128513
128514
128515
128518
128519
128522
128528
128529
128530
128531
128532
128534
128535
128542
128543
128544
128547
128548
128549
128550
128551
128553
128554
128555
128558
128566
128568
128569
128571
128574
128576
128578
128580
128581
128583
128586
128587
128588
128590
128591
128593
128594
128595
128596
128597
128598
128599
128600
128601
128602
128603
128606
128610
128611
128613
128615
128617
128618
128621
128623
128624
128627
128628
128629
128631
128632
128637
128641
128644
128645
128646
128647
128650
128651
128653
128655
128657
128660
128661
128662
128663
128664
128665
128666
128668
128669
128670
128673
128674
128675
128676
128678
128680
128684
128685
128690
128692
128694
128697
128698
128699
128700
128703
128704
128705
128706
128707
128710
128716
128726
128727
128728
128730
128733
128734
128735
128738
128752
128758
128776
128845
128846
128877
128882
128890
129153
129793
129796
129797
129798
129800
129808
129815
129817
129820
129822
129823
129825
129827
129829
129830
129832
129838
129839
129854
129857
129860
129864
129865
129866
129868
129877
129881
129882
129884
145679
145680
145737
145830
145857
146098
146111
146126
146186
146188
146198
146201
146393
146395
146397
146399
146433
146442
146782
146810
146827
146839
146914
147027
148872
148874
148877
148882
148884
148895
148931
148933
148938
148957
149043
149086
149092
149098
149099
149107
149115
149121
149124
149127
149128
149131
149133
149140
149144
149145
149146
149148
149161
149169
149173
149174
149175
149176
149177
149179
149184
149185
149208
149271
149278
149377
149392
149401
149408
149415
149449
149503
149508
149518
149524
149550
149556
149560
149568
149571
149577
149584
149785
149788
149794
149828
149844
149848
149852
149853
149857
149861
149862
149863
149867
149871
149880
149887
150075
150077
150079
150091
150101
150109
150117
150122
150126
150127
150136
150138
150148
150167
150178
150180
150187
150217
150220
150221
150225
150228
150264
150269
150289
153683
153693
153702
153718
153719
153727
153740
153750
153757
153758
153760
153761
153772
153773
153775
153825
153925
153951
153964
153983
154009
154010
154025
154052
154057
154068
154098
154101
154137
154139
154147
154148
154149
154153
154156
154160
154167
154168
154178
154183
154186
154275
155906
155945
155946
155948
155951
155952
155958
155964
155983
158725
158762
161278
161283
161287
161298
161433
161441
161562
161578
161633
161677
161681
161684
161686
161687
161688
161695
161697
161699
161702
161728
161736
161758
161762
161764
161782
161793
161796
170287
170292
170293
170294
170295
170300
170307
170320
170322
170323
170324
170330
170333
170340
170341
170343
170346
170400
170401
170414
170416
170417
170420
170423
170425
170432
170433
170436
170440
170441
170446
170448
170450
170451
170453
170456
170459
170464
170478
170482
170485
170486
170488
170497
170499
170512
170522
170526
170529
170531
170538
170543
170544
170546
170547
170549
170550
170551
170553
170558
170561
170562
170568
170579
170580
170585
170591
170601
170602
170604
170608
170620
170624
170626
170627
170631
170640
170641
170643
170647
170656
170661
170667
170672
170684
170685
170687
170694
170698
170702
170703
170706
170708
170727
170741
170749
170753
170759
170761
170766
170779
170780
170781
170783
170786
170799
170809
170824
170825
170834
170838
170840
170841
170843
170844
170845
170846
170863
170875
170880
170888
170915
170921
170927
170929
170930
170932
170933
170934
170936
170944
170946
170952
170953
170957
170963
170964
170978
170982
170985
170986
170987
170991
170994
171004
171007
171014
171017
171018
171021
171022
171025
171030
171041
171050
171054
171058
171064
171066
171069
171087
171088
171090
171094
171113
171116
171121
171123
171129
171132
171133
171135
171141
171146
171156
171171
171186
171203
171212
171216
171222
171225
171235
171248
171279
171281
171307
171313
171353
171360
171361
171365
171366
171367
171370
171379
171380
171387
171402
171403
171404
171412
171416
171419
171422
171425
171441
171445
171448
171449
171451
171472
171478
171479
171485
171489
171497
171501
171504
171511
171522
171523
171538
171542
171551
171555
171556
171558
171593
171626
171627
171628
171632
171634
171635
171637
171646
171647
171649
171653
171654
171656
171671
171683
171710
171711
171762
171791
171792
171802
171807
172612
172623
172651
172652
172653
172654
172656
172657
172659
172661
172664
172693
172700
172719
172727
172728
172736
172751
172761
172764
172767
172780
172783
172789
172791
172800
172802
172809
172821
172825
172838
172846
172848
172849
172867
172869
172881
172900
172920
172921
172925
172927
172937
172944
172945
172966
172974
172976
172983
172985
172988
172990
172996
173903
173963
173979
173985
174004
174020
174050
174052
174053
174055
174062
174079
174087
174088
174089
174111
174112
174160
174167
174168
174206
174207
174228
174236
174240
174250
174261
174281
174284
174299
174300
174306
174321
182117
182120
182124
182126
182128
182133
182139
182142
182144
182145
182148
182157
182162
182166
182174
182175
182184
182196
182234
182240
182241
182243
182251
182252
182281
182289
182292
182296
182312
182336
182373
182382
182387
182392
182399
182412
182425
182437
182453
182455
192227
192240
192247
192255
192257
192259
192262
192263
192265
192268
192276
192292
192310
192312
192412
192414
192415
192430
192446
192462
192463
192465
192466
192620
192621
192668
192724
192755
192770
192788
192790
192821
192856
192863
192865
192866
192870
192871
192877
192878
192880
192882
192887
192939
192968
192986
193096
193176
193177
193207
193228
193250
193268
193299
193301
193302
198450
198463
198468
198475
198478
198479
198502
198503
198509
198512
198565
198599
198603
198621
198622
198624
198632
198642
198651
198665
198671
198674
198675
198678
198688
198695
198696
198700
198708
198712
198713
198715
198731
198735
198747
198750
198764
198768
198772
198833
198834
198835
198838
198842
198870
198902
198918
198932
198939
198945
198974
199035
199075
199114
199283
199287
199297
199311
199314
199323
199334
200627
200633
200635
200638
200643
200649
200661
200692
200697
200714
200720
200728
200729
200747
200753
200754
200759
200761
200767
200781
200790
200792
200794
200803
200807
200819
200829
200833
200834
200835
200836
200843
200848
200851
200858
200866
200870
200874
200879
200880
200893
200896
200903
200909
200919
200942
200947
200965
200988
200991
200992
201012
201019
201032
201036
201050
201068
201070
201072
201096
201098
201099
201103
201107
201111
201119
201122
201131
201136
201148
201171
201193
201202
201222
201252
201257
201271
201275
201306
201354
201380
201381
201383
201385
201393
201395
201397
201398
201417
201431
201432
201442
201445
201446
201448
201455
201460
201464
201466
201471
201479
201482
201486
201487
201488
201498
201501
201503
201505
201507
201510
201516
201521
201525
201539
201545
201549
201555
201565
201568
201569
201573
201577
201578
201585
201586
201613
201621
201623
201625
201628
201638
201647
201648
201650
201661
201662
201665
201668
201674
201677
201682
201685
201706
201712
201731
201738
201743
201747
201753
201755
201759
201763
201776
201785
201787
201790
201796
201800
204036
204378
204398
204475
204543
204558
204563
204567
204584
204585
204611
204615
207807
207810
207814
207821
207823
207825
207834
207837
207952
208195
208203
208205
208213
208215
208224
208236
208534
208631
208634
208638
208645
208652
208797
208828
208836
208848
208849
208850
208852
208860
208866
208959
209102
209152
209158
209159
209165
209227
211808
211837
211873
211885
212004
212405
212409
212411
212430
213113
213137
213138
213143
213148
213156
213179
213192
213193
213194
213201
213204
213205
213206
213220
213223
213225
213231
213236
213239
213242
213244
213250
213260
213267
213277
213282
213287
213317
213321
213340
213363
213372
213379
213381
213390
213422
213442
213445
213449
213453
213454
213462
213505
213509
213542
213544
213555
213556
213585
213595
213599
213624
213634
213635
213660
213665
213666
213677
213687
215664
215686
215743
215756
215757
215758
215781
215788
215793
215798
215799
215802
215803
215806
215807
215809
215810
215811
215815
215817
215819
215821
215822
215854
215855
215857
215863
215866
215892
215895
215905
215915
215946
215949
215953
215958
215961
215962
215966
215967
215972
215973
215994
215996
216022
216023
216024
216032
216044
216056
216058
216071
216081
216090
216096
216102
216114
216119
216123
216124
216142
216150
216154
216161
216180
216182
216184
216188
216206
216207
216219
216221
216224
216226
216255
216259
216260
216266
216311
216312
216333
216338
216366
216393
216436
216459
216467
216469
216473
216475
216480
216482
216499
216508
216520
216521
216536
216541
216546
216551
216566
216577
216580
216591
216598
216599
216600
216601
216999
217005
217008
217025
217049
217051
217068
217081
217092
217093
217125
217137
217940
218100
218248
218276
218277
218529
218535
218557
218560
218563
218600
218644
218650
218654
218664
218832
218870
222857
222997
223004
223070
223076
223077
223078
223087
223094
223096
223098
223100
223109
223115
223122
223125
223278
223279
223282
223289
223291
223299
223318
223363
223365
223376
223377
223380
223382
223390
223394
223400
223401
223404
223407
223408
223492
223513
223587
226834
226842
226850
226879
226896
226907
226909
226914
226916
226925
226929
226933
226936
226943
226959
226966
226967
226970
226978
227000
227038
227040
227057
227058
227101
227119
227121
227123
227141
227156
227160
227162
227171
227172
227173
227177
227181
227185
227189
227190
227194
227201
228844
228961
228967
229159
229257
229267
229277
229279
229281
229285
229302
229305
229322
229328
229347
229360
229417
229430
229434
229440
229442
229444
229453
229468
229542
229701
229707
229712
229726
229751
229758
229764
229805
229819
229820
229822
229837
229840
229845
229855
229858
229885
229888
229891
229937
229938
229943
230040
230085
230091
230112
230113
230114
230119
230122
230140
230141
230144
230149
230157
230167
230173
230183
230199
230219
230223
230226
230230
230232
230234
230238
230239
230243
230249
230263
230278
230281
230285
230292
230293
230306
230309
230318
230336
230351
230353
230355
230358
230364
230368
230373
230375
230378
230380
230381
230477
230503
230504
230511
230512
230513
230514
230515
230535
230545
230565
230572
230579
230622
230625
230667
230684
230689
230734
230750
230752
230774
230779
230786
230794
230796
230803
230869
230873
230874
230876
230878
230899
230926
230928
230964
230967
230994
231089
231091
231096
231120
231123
231133
231149
231153
231155
231168
231183
231185
231189
231196
231208
231221
231232
231235
231236
231254
231255
231272
231278
231283
231284
231293
231303
231304
231307
231379
231382
231447
231448
231488
231514
232349
232683
232731
232774
232776
232866
232874
232885
232913
232974
233013
233238
233927
233949
234051
234064
234090
234128
234160
234902
234906
234914
234918
234935
234943
234945
234949
234953
234957
234963
234965
234975
234976
234977
234980
234984
234985
234987
235032
235033
235075
235113
235129
235144
235163
235196
235198
235207
235212
235215
237673
237772
237810
237814
237958
237975
237997
237998
238000
238001
238003
238013
238017
238082
238116
238132
238615
238713
238715
238785
238812
238817
238825
238857
238901
238949
238976
239043
239118
239121
239130
239132
239133
239150
239196
239199
239200
239201
239202
239203
239204
239205
239215
239218
239219
239222
239224
239230
239237
239238
239239
239241
239244
239250
239253
239254
239257
239260
239261
239262
239275
239286
239294
239302
239311
239318
239319
239320
239324
239330
239331
239338
239346
239353
239369
239382
239412
239415
239422
239453
239463
239468
239469
239510
239516
239519
239527
239528
239529
239534
239536
239562
239566
239572
239576
239580
239582
239583
239587
239589
239591
239597
239600
239604
239611
239622
239645
239661
239671
239672
239678
239681
239687
239691
239693
239697
239702
239703
239705
239708
239711
239714
239749
239763
239778
239821
239827
239835
239849
239870
239882
239883
239890
239894
239900
239901
239918
240691
240712
240724
240781
240796
240813
240818
240826
240870
241034
241037
241041
241042
241046
241060
241064
241066
241101
241120
241162
241199
241221
241278
241330
241392
241418
241462
241466
241501
241502
241503
241506
241519
241537
241543
241545
241548
241557
241568
241577
241580
241592
241599
241600
241601
241610
241615
241617
241618
241621
241627
241630
241659
241666
241674
241700
241702
241704
241708
241718
241742
241750
241774
241793
241805
241823
241847
241851
241852
241853
241859
241860
241863
241892
241900
241924
241942
241945
241949
242000
242002
242003
242004
242007
242016
242017
242019
242020
242024
242421
242423
242429
242443
242472
242475
242494
242497
242499
242502
242512
242515
242524
242533
242539
242546
242559
242560
242562
242565
242566
242569
242570
242575
242600
242613
242629
242644
242650
242651
242672
242685
242690
242691
242692
242695
242697
242715
242725
242739
242777
242788
242948
243049
243057
243058
243063
243079
243085
243130
243139
243143
243146
243165
243171
243173
243175
243188
243191
243192
243203
243215
243219
243277
243280
243283
243284
243429
243430
243473
243525
243534
243536
243537
243547
243549
243551
243553
243558
243563
243564
243566
244233
244236
244281
244301
244320
244352
244406
244445
244498
244587
244611
244631
244682
245002
245017
245035
245060
247059
247066
247089
247107
247120
247170
247176
247198
247240
247241
247244
247254
247317
247338
247384
247390
247408
247413
247420
247422
247436
247438
247440
247443
247452
247459
247466
247491
247521
247555
247604
247640
247674
247675
247681
247684
247697
247718
247729
247753
247794
247807
247816
247869
247878
247920
247969
248008
248049
248105
248160
248162
248273
248284
248285
248286
248292
248294
248306
248309
248310
248328
248332
248333
248334
250362
250391
250449
250450
250451
250456
250462
250499
250542
250572
250573
250574
250637
250653
250778
250826
250854
250871
250874
250878
250879
250897
250901
250908
250911
250923
250928
250934
250937
250949
250954
250955
250956
250960
250986
250992
250993
250997
251014
251015
251031
251085
251088
251129
255675
255767
255817
255819
255820
255827
255830
255834
255836
255838
255843
255844
255847
255849
255850
255853
255855
255857
255862
255863
255864
255865
255866
255867
255869
255870
255881
255891
255919
255924
255927
255949
256008
256009
259684
259693
259696
259731
259743
259744
259751
260093
260094
260253
260272
260275
260283
260300
260303
260307
260311
260312
260340
260343
260345
260361
260370
260375
260377
260379
260389
260395
260401
260402
267856
267865
267871
267905
267925
267933
267967
267985
267988
268011
268018
268023
268024
268032
268033
268043
268049
268064
268067
268068
268078
268080
268083
268085
268088
268092
268093
268118
268138
268166
268167
268172
268174
268181
268182
268184
268192
268195
268205
268209
268210
268212
268213
268289
268291
268293
268309
268326
268327
268333
268349
268359
268362
268375
268379
268386
268388
268392
268393
268395
268396
268400
268409
268423
268424
268432
268449
268454
268459
268461
268467
268481
268485
268511
268516
268539
268542
268553
268556
268570
268575
268577
268578
268586
268588
268593
268594
268599
268601
268606
268609
268622
268625
268628
268629
268634
268637
268640
268642
268646
268654
268656
268664
268665
268666
268667
268672
268674
268675
268678
268941
268944
268959
268960
268961
268963
268969
268970
268987
269012
269024
269025
269026
269028
269037
269041
269044
269046
269061
269068
269069
269070
269076
269077
269079
269080
269084
269087
269093
269096
269099
269115
269117
269120
269121
269128
269129
269130
269133
269134
269136
269138
269140
269142
269145
269147
269151
269153
269154
269162
269164
269169
269241
269246
269259
269272
269273
269275
269276
269280
269294
269309
269311
269313
269315
269316
269319
269325
269326
269328
269329
269331
269334
269336
269353
269354
269357
269391
269393
269394
269475
269518
269531
269532
269535
269538
269539
269542
269544
269551
269553
269557
269724
269749
269763
269773
269783
269804
269810
269815
269817
269820
269821
269822
269823
269824
269826
269829
269831
269854
269855
269875
269876
269884
269890
269898
269910
269911
269918
269921
269922
269924
269925
269931
269941
269944
269951
269953
269967
269977
269980
269981
269992
270231
270232
270233
270234
270235
270242
270266
270267
270272
270275
270277
270278
270283
270285
270293
270295
270297
270298
270306
270309
270311
270316
270318
270327
270328
270336
270337
270339
270342
270346
270349
270352
270354
270355
270356
270357
270359
270360
270373
270375
270376
270382
270383
270385
270387
270449
270450
270451
270467
270468
270469
270473
270476
270487
270489
270490
270495
270505
270511
270514
270515
270516
270521
270523
270527
270549
270551
270557
270563
270566
270569
270576
270577
270582
270584
270589
270591
270621
270638
270644
270645
270646
270648
270649
270651
270655
270657
270661
270662
270663
270666
270668
270669
270670
270676
270682
270685
270687
270688
270691
270692
270693
270695
270696
270699
270701
270702
270707
270710
270721
270723
270728
270731
270732
270737
270738
270740
270746
270747
270748
270749
270759
270761
270762
270763
270768
270771
270775
270800
270806
270807
270813
270818
270843
270848
270849
270851
270854
270898
270904
270908
270918
270927
270929
270940
270941
271199
271200
271202
271210
271221
271224
271225
271226
271227
271231
271236
271261
271262
271264
271267
271269
271271
271283
271292
271294
271304
271313
271316
271317
271319
271321
271323
271327
271410
271526
271530
271594
271596
271626
271640
271645
271646
271648
271649
271651
271653
271655
271658
271659
271660
271661
271662
271664
271673
271690
271691
271694
271696
271700
271715
271716
271721
271722
271723
271730
271758
271770
271820
271848
271869
271870
271883
271885
271900
271902
271903
271904
271905
271914
271915
271922
271923
271924
271925
271930
271934
271938
271939
271940
271945
271946
271954
271956
271957
271962
271964
271975
271979
271981
271985
271995
271997
271998
271999
272001
272003
272005
272008
272014
272016
272031
272038
272039
272044
272046
272048
272051
272052
272053
272055
272060
272095
272097
272099
272101
272104
272112
272114
272116
272123
272136
272141
272147
272149
272151
272152
272154
272155
272156
272158
272161
272162
272165
272173
272188
272190
272196
272198
272199
272200
272319
272335
272337
272340
272341
272342
272343
272347
272348
272364
272371
272380
272381
272384
272385
272386
272388
272403
272404
272405
272408
272410
272419
272422
272427
272428
272435
272437
272445
272447
272450
272451
272462
272468
272477
272479
272480
272483
272507
272532
272548
272574
272576
272587
272589
272596
272620
272621
272622
272624
272630
272632
272636
272638
272641
272654
272657
272661
272665
272683
272690
272696
272697
272699
272704
272706
272710
272713
272736
272747
272754
272767
272785
272787
272793
272796
272800
272802
272825
272826
272828
272835
272845
272855
272859
272861
272866
272870
272871
272877
272878
272879
272880
272883
272885
272888
272889
272890
272891
272896
272900
272902
272904
272910
272912
272913
272922
272927
272931
272932
272935
272944
272953
272963
272967
272971
272972
272976
272978
272981
272989
272993
272996
272999
273003
273010
273012
273013
273014
273015
273018
273020
273022
273023
273024
273025
273033
273034
273035
273037
273039
273043
273045
273046
273054
273056
273057
273058
273065
273066
273074
273075
273077
273081
273085
273086
273090
273091
273096
273098
273105
273106
273108
273109
273111
273115
273116
273118
273119
273121
273124
273133
273142
273145
273147
273148
273151
273152
273155
273163
273169
273183
273185
273189
273192
273195
273198
273199
273212
273224
273226
273231
273232
273233
273238
273245
273248
273264
273267
273279
273280
273281
273284
273292
273295
273306
273311
273317
273320
273325
273327
273342
273346
273350
273364
273371
273374
273377
273384
273391
273392
273393
273394
273398
273405
273417
273431
273435
273436
273441
273444
273451
273456
273483
273511
273533
273573
273585
273594
273605
273615
273654
273662
273699
273716
273752
350833
350839
350840
350842
350846
350850
350852
350853
350855
350856
350861
350866
350869
350870
350871
351032
351033
351037
351039
351049
351052
351064
351066
351067
351070
351072
351085
351090
351101
351105
351106
351107
351109
351112
351114
351115
351116
351117
351134
351138
351140
351213
351220
351280
351281
351284
351285
351286
351287
351288
351299
351306
351309
351314
351357
351360
351417
351418
351419
351424
351425
351449
351474
351477
351493
351497
351504
351505
351508
351509
351516
351521
351527
351528
351534
351540
351550
351553
351565
351571
351574
351576
351577
351585
351590
351599
351607
351626
351632
351638
351647
351655
351660
351666
351670
351698
351716
351717
351720
351721
351725
351728
351731
351736
351741
351742
351745
351746
351749
351771
351773
351775
351779
351783
351784
351785
351790
351797
351798
351808
351809
351812
351813
351818
351819
351978
351980
351981
351984
351985
351986
351988
351989
351990
351991
351992
352008
352010
352016
352031
352032
352069
352071
352073
352074
352080
352113
352114
352115
352117
352120
352123
352129
352135
352137
352143
352151
352152
352154
352159
352160
352162
352164
352165
352166
352169
352173
352174
352176
352177
352180
352182
352194
352237
352239
352242
352251
352255
352256
352261
352267
352289
352293
352303
352305
352307
352309
352318
352319
352356
352365
352374
352629
352635
352638
352642
352651
352652
352675
352677
352680
352682
352683
352684
352691
352698
352712
352961
352962
352972
352973
352976
352981
352993
352997
353003
353008
353016
353020
353023
353044
353045
353051
353052
353053
353075
353078
353080
353082
353120
353123
353124
353125
353126
353127
353128
353133
353137
353139
353142
353143
353146
353275
353300
353304
353333
353334
353335
353336
353345
353346
353356
353357
353371
353380
353382
353407
353409
353415
353457
353461
353463
353464
353472
353507
353510
353511
353532
353534
353545
353561
353565
353570
353577
353586
353588
353594
353595
353596
353644
353646
353656
353658
353659
353672
353676
353677
353678
353717
353720
353745
353788
353800
353940
353941
353942
353943
353946
353947
353953
353964
353970
353978
354004
354018
354041
354093
354100
354102
354114
354139
354141
354166
354169
354175
354176
354177
354178
354182
354184
354199
354200
354224
354225
354228
354229
354231
354236
354240
354242
354244
354246
354247
354248
354250
354252
354259
354263
354264
354268
354269
354270
354274
354275
354277
354283
354289
354292
354293
354295
354296
354298
354301
354302
354305
354309
354310
354311
354313
354314
354315
354316
354317
354319
354320
354321
354323
354325
354327
354330
354331
354332
354333
354337
354339
354340
354342
354343
354344
354345
354346
354348
354349
354354
354361
354366
354374
354378
354386
354390
354391
354393
354395
354399
354401
354403
354404
354409
354410
354412
354413
354414
354416
354417
354418
354419
354420
354421
354422
354423
354424
354425
354426
354428
354429
354430
354431
354432
354433
354434
354436
354437
354438
354440
354441
354443
354445
354446
354447
354448
354449
354450
354453
354459
354460
354480
354483
354496
354497
354499
354510
354523
354535
354540
354541
354558
354560
354567
354571
354573
354575
354577
354578
354580
354583
354596
354599
354609
354612
354623
354624
354627
354634
354638
354642
354643
354651
354654
354674
354697
354706
354708
354717
354736
354739
354795
354801
354814
354815
354818
354819
354820
354824
354830
354831
354833
354834
354841
354842
354853
354857
354858
354863
354867
354868
354869
354876
354877
354881
354893
354927
354930
354961
354962
354963
354965
354971
354974
354976
354980
354982
354983
354989
355002
355003
355013
355028
355035
355037
355039
355044
355045
355047
355050
355051
355055
355056
355057
355087
355089
355091
355094
355095
355096
355106
355107
355118
355119
355123
355131
355135
355136
355141
355144
355145
355168
355176
355183
355184
355188
355189
355191
355192
355238
355293
355295
355297
355298
355304
355305
355317
355318
355321
355325
355331
355332
355369
355371
355375
355376
355377
355380
355381
355383
355384
355386
355388
355390
355391
355392
355396
355401
355410
355419
355428
355432
355435
355438
355599
355600
355632
355633
355634
355650
355656
355679
355680
355709
355726
355856
355874
355876
355890
355891
355926
355931
355950
355985
355986
355995
355997
356001
356007
356025
356077
356089
356112
356115
356120
356146
356162
376697
376699
376711
376722
376732
376775
376781
376788
376789
376804
376846
376848
376859
376860
376894
376895
376897
376905
376928
377061
377062
377072
377075
377085
377088
377097
377098
377099
377103
377115
377123
377141
377156
377171
377172
377173
377196
377221
377223
377238
377251
377358
377383
377400
377431
377447
377464
377472
377513
377531
377542
377555
377569
377575
377581
377582
377586
377592
377595
377612
377617
377620
377704
377705
377726
377736
377745
377769
377770
377780
377793
377887
377896
377902
378200
378209
378241
378252
378257
378280
378290
378318
378327
378328
378388
378541
378591
378592
378597
378632
378637
378681
378682
378683
378686
378687
378690
378691
378695
378696
378698
378699
378700
378701
378706
378711
378715
378749
378760
378768
378788
378790
378794
378804
378819
378837
378888
378892
378893
378919
378943
378946
378969
378971
378975
378978
379003
379080
379084
379087
379134
379139
379154
379157
379164
379165
379170
379171
379203
379205
379224
379226
379307
379334
379337
379338
379354
379364
379398
379415
379420
379440
379524
379545
379549
379559
379561
379583
379614
379620
379629
379647
379653
379678
379713
379788
379836
379859
379902
379904
379923
380090
380108
380111
380118
380132
380133
380147
380170
380197
380198
380203
380229
380253
380294
380315
380331
380335
380343
380355
380357
380383
380423
380425
380432
380435
380450
380462
380555
380587
380599
380624
380630
380655
380683
380805
380807
380883
380896
380903
380936
380948
380949
380971
380981
380987
381083
381143
381211
381245
381290
381305
381316
381432
381433
381451
381546
381547
381549
381553
381622
381624
381631
381636
381652
381763
381767
381802
381804
381867
381869
381884
381920
381926
381927
382026
382032
382037
382041
382144
382146
382150
382151
382153
382155
382180
382181
382182
382193
382200
382209
382213
382235
382251
382253
382261
382263
382285
382286
382295
382317
382366
382367
382378
382443
382469
382511
382521
382739
382748
382762
382791
382803
382931
382937
382940
383047
383055
383092
383144
383161
383180
383249
383252
383285
383292
383459
383493
383496
383509
383515
383521
383534
383592
383611
383736
383761
383785
383799
383819
383824
383844
383931
383947
383954
383972
383994
384018
384041
384153
384168
384214
384221
384232
384243
384245
384309
384311
384356
384377
384381
384404
384635
384637
384653
384672
384710
384797
384810
384822
384825
384826
384984
385112
385113
385114
385115
385116
385184
385199
385296
385297
385317
385356
385359
385383
385404
385458
385624
385632
385675
385743
385747
385758
385822
385841
385843
385848
385850
385854
385857
385860
385861
385868
385871
385872
385873
385874
385876
385884
385921
385936
385941
385944
385946
385947
385950
385967
385973
386007
386012
386026
386028
386038
386040
386063
386076
386079
386122
386147
386151
386155
386191
386193
386245
386269
386280
386281
386292
386295
386305
386322
386334
386344
386352
386462
386475
386496
386502
386555
386592
386625
386630
386731
386746
386773
386800
386838
386934
386970
387046
387054
387074
387079
387105
387132
387159
387161
387167
387223
387225
387250
387256
387268
387335
387365
387366
387429
387432
387472
387515
387535
387559
387571
387598
387608
387609
387611
387641
387642
387668
387676
387696
387807
387868
388005
388063
388101
388168
388215
388221
388227
388229
388244
388295
388455
388465
388477
388496
388812
388834
388897
388929
388965
389028
389052
389067
389077
389079
389080
389095
389096
389101
389109
389110
389146
389195
389219
389224
389234
389270
389280
389297
389303
389579
389590
389592
389624
389779
389810
389829
389839
389868
389883
389902
389909
389915
389927
390046
390060
390062
390067
390079
390087
390090
390190
390209
390214
390218
390255
390312
390317
390354
390361
390484
390565
390597
390599
390653
390780
390822
390826
390862
390908
390912
390956
390969
390996
391016
391080
391148
391172
391179
391233
391274
391353
391386
391439
391552
391567
391594
391670
391813
391834
391846
391851
391923
391975
391982
392006
392094
392101
392122
392213
392293
392301
392320
392341
392352
392427
392440
392483
392500
392539
392572
392639
392645
392646
392650
392654
392661
392707
392844
392849
392882
392976
392977
393231
393252
393255
393307
393402
393446
393479
393495
393534
393602
393626
393636
393639
393644
393753
393832
393855
393858
393950
393965
393973
394012
394120
394148
394170
394176
394183
394187
394197
394310
394311
394313
394345
394352
394359
394360
394370
394381
394403
394413
394419
394449
394456
394474
394488
394490
394523
394658
394689
394701
394720
394743
394749
394857
394867
394892
394900
394938
394987
395014
395023
395139
395173
395185
395190
395229
395250
395276
395303
395448
395449
395457
395458
395467
395469
395471
395477
395480
395485
395486
395487
395491
395494
395496
395500
395501
395505
395512
395513
395514
395517
395521
395522
395523
395524
395525
395528
395532
395536
395537
395539
395541
395543
395549
395550
395555
395556
395561
395563
395570
395576
395578
395584
395598
395600
395601
395605
395606
395608
395611
395613
395614
395618
395620
395623
395625
395632
395636
395639
395681
395684
395713
395723
395727
395741
395748
395751
395753
395754
395756
395763
395764
395777
395782
395784
395785
395787
395788
395821
395830
395838
395840
395841
395842
395859
395905
395906
395908
395910
395912
395914
395951
395966
395972
395976
396011
396018
396043
396045
396056
396068
396091
396106
396110
396129
396133
396160
396189
396198
396205
396206
396226
396318
396330
396331
396333
396338
396341
396364
396365
396372
396414
396478
396480
396503
396506
396512
396539
396543
396554
396584
396589
396593
396604
396615
396619
396638
396639
396641
396685
396686
396689
396701
396707
396723
396727
396779
396865
397109
397130
397176
397348
397352
397571
397826
397827
397829
397830
397859
397908
397936
397949
397979
398004
398010
398014
398030
398035
398037
398041
398048
398051
398058
398107
398114
398169
398181
398195
398196
398207
398215
398222
398250
398251
398252
398257
398262
398291
398292
398296
398297
398321
398324
398339
398341
398361
398362
398373
398375
398415
398428
398473
398482
398484
398496
398499
398508
398517
398546
398565
398569
398570
398599
398620
398642
398652
398653
398680
398681
398687
398694
398702
398705
398706
398718
398765
398794
398840
398843
398861
398872
398877
398888
398900
398903
398905
398909
398912
398918
398935
398951
398972
398973
398974
398978
398990
399015
399020
399026
399029
399046
399055
399056
399094
399100
399103
399107
399111
399123
399124
399161
399164
399168
399194
399203
399205
399246
399250
399262
399263
399265
399266
399267
399269
399273
399274
399275
399280
399313
399362
399403
399416
399419
399435
399446
399453
399514
399517
399537
399541
399565
399577
399583
399606
399609
399612
399614
399624
399642
399645
399651
399657
399661
399662
399664
399666
399684
399689
399701
399708
399710
399711
399721
399723
399725
399730
399735
399738
399785
399786
399788
399793
399796
399808
399816
399819
399824
399828
399843
399847
399850
399851
399854
399862
399863
399865
399867
399873
399881
399886
399887
399888
399893
400030
400031
400043
400044
400045
400059
400060
400062
400067
400077
400091
400095
400096
400101
400110
400112
400115
400118
400121
400168
400175
400180
400181
400184
400186
400207
400208
400219
400220
400236
400241
400249
400260
400262
400273
400274
400275
400278
400281
400283
400285
400288
400289
400311
400313
400314
400315
400317
400321
400324
400325
400326
400327
400330
400353
400354
400356
400357
400366
400373
400376
400378
400379
400381
400382
400385
400389
400390
400395
400399
400401
400403
400404
400408
400409
400410
400418
400424
400435
400489
400492
400494
400495
400497
400499
400503
400511
400531
400542
400543
400544
400560
400575
400583
400584
400585
400593
400595
400596
400597
400598
400599
400600
400616
400622
400639
400641
400642
400647
400651
400654
400655
400656
400657
400658
400662
400664
400673
400682
400687
400694
400701
400705
400708
400711
400724
400726
400731
400734
400735
400752
400758
400759
400770
400779
400783
400794
400797
400806
400814
400817
400837
400839
400844
400854
400880
400893
400914
400953
400963
400980
400982
400984
400995
401005
401006
401007
401011
401016
401017
401026
401036
401037
401039
401049
401051
401052
401056
401061
401066
401069
401075
401077
401080
401085
401088
401090
401108
401114
401123
401131
401133
401134
401135
401140
401144
401145
401166
401173
401181
401185
401187
401188
401206
401208
401209
401221
401227
401228
401231
401234
401258
401264
401266
401268
401272
401274
401284
401293
401297
401326
401328
401332
401336
401341
401349
401359
401363
401369
401376
401384
401388
401393
401394
401395
401403
401405
401407
401418
401432
401457
401458
401460
401467
401469
401474
401475
401477
401478
401480
401491
401497
401504
401508
401517
401521
401603
401662
401663
401665
401668
401670
401672
401673
401679
401687
401690
401697
401698
401702
401704
401722
401724
401725
401727
401734
401736
401737
401739
401740
401743
401753
401761
401766
401770
401782
401791
401804
401819
401829
401852
401853
401854
401867
401873
401877
401879
401884
401892
401893
401912
401921
401922
401945
401948
401952
401955
401956
401958
401960
401962
401967
402009
402012
402018
402026
402028
402029
402030
402041
402042
402049
402065
402067
402070
402072
402079
402081
402099
402108
402115
402118
402121
402128
402165
402177
402220
402221
402228
402232
402233
402235
402242
402243
402248
402265
402275
402303
402308
402328
402341
402342
402353
402380
402414
402439
402440
402442
402446
402447
402448
402468
402495
402496
402497
402519
402521
402525
402531
402534
402544
402546
402547
402548
402552
402569
402572
402586
402589
402612
402613
402625
402633
402645
402664
402669
402672
402673
402674
402696
402697
402716
402726
402763
402784
402821
402850
402871
402878
402884
402937
402953
402955
402960
403040
403041
403042
403043
403044
403045
403056
403132
403138
403160
403214
403230
403235
403246
403252
403279
403316
403333
403334
403347
403348
403351
403370
403372
403388
403389
403390
403409
403411
403441
403480
403483
403485
403493
403495
403526
403530
403535
403538
403545
403559
403562
403572
403574
403580
403584
403589
403593
403611
403638
403643
403645
403646
403652
403656
403658
403661
403664
403669
403671
403681
403683
403695
403697
403703
403708
403720
403721
403722
403724
403727
403734
403736
403742
403746
403747
403756
403769
403771
403773
403775
403778
403780
403790
403800
403804
403812
403814
403822
403826
403834
403836
403837
403843
403849
403851
403857
403865
403874
403884
403885
403901
403906
403917
403927
403930
403933
403934
403938
403939
403944
403955
403956
403960
403965
403977
403978
403979
403982
403984
403992
403995
403997
404017
404018
404034
404039
404051
404055
404071
404090
404092
404095
404102
404107
404111
404123
404136
404143
404151
404169
404184
404204
404214
404218
404235
404237
404259
404261
404267
404270
404277
404294
404297
404300
404305
404311
404312
404313
404319
404332
404333
404334
404340
404341
404347
404348
404349
404351
404370
404371
404385
404389
404413
404419
404420
404450
404474
404480
404495
404509
404516
404530
404543
404548
404569
404582
404607
404611
404620
404631
404636
404653
404680
404701
404748
404764
404765
404767
404776
404799
404802
404803
404824
404843
404848
404849
404863
404883
404885
404887
404888
404900
404906
404909
404929
404949
404951
404963
404965
404970
405001
405005
405042
405048
405054
405055
405100
405105
405106
405109
405121
405155
405156
405177
405210
405623
405657
405796
405832
405839
405842
405845
405857
405863
405871
405876
405889
405929
405936
405958
405979
405992
406028
406108
406113
406176
406182
406194
414548
414558
414587
414600
414610
414612
414625
414632
414636
414652
414655
414657
414659
414662
414664
414667
414670
414678
414679
414680
414681
414683
414687
414694
414696
414698
414699
414706
414707
414718
414719
414722
414731
414733
414734
414738
414747
414752
414761
414772
414773
414799
414800
414811
414816
414819
414821
414851
414869
414905
414945
414947
414948
414954
414966
414967
414983
415003
415004
415008
415040
415065
415073
415078
415082
415091
415092
415093
415107
415111
415127
415135
415156
415157
415160
415167
415171
415196
415205
415223
415245
415307
415309
415310
415312
415316
415330
415335
415343
415367
415369
415371
415374
415380
415387
415395
415396
415403
415416
415426
415429
415432
415434
415442
415446
415447
415472
415481
415529
415531
415532
415533
415544
415556
415561
415567
415579
415591
415601
415602
415603
415606
415607
415610
415658
415677
415679
415685
415738
415775
415781
415826
415893
415903
415922
415935
415958
415965
415969
415976
415979
415983
415997
416051
416070
416077
416085
416089
416112
416166
416185
416199
416200
416210
416211
416212
416217
416227
416230
416250
416256
416261
416264
416275
416298
416310
416314
416322
416349
416382
416384
416385
416390
416392
416393
416397
416407
416448
416467
416471
416478
416480
416493
416499
416504
416505
416515
416516
416521
416526
416534
416544
416548
416554
416568
416575
416581
416584
416590
416593
416887
417417
418191
418465
419199
419202
419722
419724
419728
419733
419938
419949
419970
419983
419987
419992
419995
419997
420020
420033
420038
420044
420046
420047
420049
420051
420092
420095
420096
420097
420100
420110
420121
420124
420131
420142
420144
420145
420148
420154
420157
420166
420170
420175
420200
420262
420269
420291
420300
420308
420309
420312
420313
420315
420326
420327
420339
420384
420387
420395
420396
420411
420419
420426
420437
420442
420446
420450
420462
420465
420480
420482
420485
420487
420501
420508
420527
420530
420541
420542
420547
420553
420600
420601
420602
420604
420606
420615
420619
420622
420623
420631
420632
420637
420638
420643
420646
420653
420656
420664
420666
420675
420680
420687
420689
420695
420696
420700
420702
420716
420717
420732
420743
420746
420750
420760
420764
420765
420779
420793
420795
420807
420819
420830
420837
420842
420846
420851
420855
420857
420860
420863
420870
420878
420888
420891
420899
420900
420905
420910
420920
420929
420936
420939
420940
420943
420964
420983
421008
421014
421017
421018
421026
421042
421043
421058
421098
421109
421117
421127
421134
421151
421155
421169
421183
421200
421214
421215
421256
421258
421264
421270
421291
421306
421327
421348
421369
421391
421397
421400
421401
421404
421411
421414
421444
421458
421470
421507
421531
421534
421571
421572
421619
421620
421628
421630
421645
421652
421667
421684
421686
421687
421715
421748
421751
421759
421788
421794
421798
421808
421816
421835
421836
421854
421880
421887
421909
421911
421932
421936
421949
421971
421990
422025
422047
422050
422101
422102
422181
422192
422209
422213
422215
422228
422253
422254
422362
422374
422378
422379
422383
422387
422391
422394
422406
422424
422430
422442
422454
422462
422463
422530
422531
422549
422563
422573
422583
422585
422608
422620
422669
422712
422727
422753
422756
422799
422811
422812
422815
422816
422857
422882
422883
422884
422893
422894
422898
422913
422914
422920
422929
422978
422988
423100
423107
423117
423182
423185
423207
423210
423250
423251
423353
423358
423380
423386
423394
423395
423400
423420
423421
423422
423427
423428
423429
423431
423432
423449
423452
423460
423461
423471
423477
423492
423497
423502
423506
423507
423545
423660
423691
423711
423715
423741
423751
423754
423774
423776
423778
423789
423797
423799
423809
423840
423844
423873
423896
423903
423904
423912
423915
423925
423941
423972
423987
424003
424017
424049
424063
424066
424084
424099
424101
424130
424132
424134
424136
424174
424200
424262
424264
424268
424286
424329
424332
424349
424351
424352
424381
424410
424447
424489
424498
424504
424508
424553
424563
424585
424595
424597
424598
424602
424621
424656
424693
424702
424706
424707
424712
424717
424779
424785
424839
424845
424847
424879
424882
424935
424937
424977
425025