2649
2654
2657
2692
2727
2749
2755
2781
2799
2865
2883
2886
2890
2900
2927
2939
2966
2975
3017
3036
3047
3049
3082
3128
3132
3170
3177
3248
3545
3965
4009
4202
4396
4807
4836
4886
4905
5100
5126
5500
5606
5930
5966
6036
6118
6236
6262
6348
6378
6408
7370
7754
8237
8246
8269
8378
8386
8853
9087
9615
9833
10021
10049
10422
11067
11095
11378
12002
12013
12048
12082
12196
12221
12226
12257
12328
12330
12674
12687
12741
13418
17077
17091
17098
17102
17224
17317
17353
17367
17509
17583
17639
17688
17698
17729
17747
18072
18146
18276
18382
18415
18418
18481
19216
19482
19502
19552
19881
19882
19931
19939
19940
19996
20041
20771
20828
20867
20886
21126
21630
21655
21892
22018
22085
22089
22187
22190
22191
22211
22238
22248
22260
22272
22287
22295
22304
22306
22317
22318
22328
22347
22348
22354
22364
22664
22786
23354
23644
24075
24143
24408
24613
24668
24744
25178
25487
26574
26928
26937
26945
26956
28018
28470
28807
29208
29704
30728
30735
30815
31278
32881
32898
32999
33313
33659
41048
41200
41208
41295
41447
41668
41726
42124
42240
42515
42598
42636
42660
42929
43637
43667
43695
43726
43959
43984
44216
44326
44631
44848
45086
45128
45168
45610
45863
45897
45968
46056
46270
46333
46552
46591
46679
46706
46986
47745
47876
47949
47991
48386
48412
48427
48461
48483
48785
49208
49288
49374
50705
50728
50775
50776
50812
50817
50819
50836
50849
50851
50889
50954
51042
51262
51268
51302
51308
51310
51327
51343
51351
51358
51366
51372
51383
51384
51398
51401
51409
51456
51474
51484
51522
51551
51713
51830
52531
52764
52942
53012
53487
53875
54034
54659
54960
54979
55165
56227
56636
56772
59020
59069
59717
60630
61124
61372
61555
62556
64451
65564
66034
67140
67472
67749
67975
68896
68909
69222
69303
69330
69367
69383
69386
69388
69389
69437
69455
70094
70793
70939
70950
70970
71003
71100
71161
71196
74439
74505
74514
74536
74546
74559
74565
74583
74595
74599
74605
74610
74614
74636
74643
74656
74658
74681
74682
74701
74706
74731
74742
74745
74746
74764
74766
74770
74789
74790
74795
74799
74800
74813
74830
74839
74844
74857
74873
74891
74892
74903
74907
74912
74921
74922
74928
74933
74944
74949
74979
75003
75010
75014
75015
75025
75026
75056
75062
75069
75074
75084
75086
75088
75103
75126
75134
75146
75152
75171
75174
75180
75181
75220
75228
75244
75253
75262
75267
75272
75279
75305
75307
75312
75340
75342
75348
75349
75354
75362
75393
75396
75410
75415
75447
75458
75473
75477
75479
75491
75499
75501
75531
75539
75540
75552
75554
75561
75586
75617
75624
75627
75629
75640
75649
75652
75663
75665
75667
75680
75691
75695
75718
75726
75766
75789
75793
75804
75814
75822
75828
75833
75839
75840
75857
75868
75877
75894
75895
75928
75960
75964
75978
75995
76028
76080
76102
76128
76137
76179
76235
76248
76255
76263
76280
76290
76314
76325
76377
76381
76427
76456
76458
76505
76562
76589
76608
76664
76698
76752
76905
76922
76925
76930
76936
76948
76996
76997
77014
77027
77033
77048
77054
77068
77088
77094
77111
77128
77141
77156
77163
77204
77236
77309
77311
77374
77493
77522
77597
77742
77744
77750
77764
77777
77809
77811
77834
77851
77899
77911
77913
77916
77926
77931
77934
77940
77949
77957
77967
77970
77975
77984
78026
78060
78063
78071
78082
78088
78192
78210
78234
78242
78257
78287
78347
78354
78366
78413
78423
78434
78438
78459
78462
78470
78479
78509
78523
78551
78555
78596
78607
78644
78646
78664
78665
78666
78667
78737
78771
78777
78790
78794
78818
78831
78836
78848
78869
78917
78945
79014
79018
79021
79030
79044
79045
79054
79064
79082
79098
79129
79193
79194
79197
79198
79216
79263
79296
79343
79344
79361
79395
79396
79447
79471
79661
79697
79721
79731
79736
79742
79794
79808
79809
79814
79815
79822
79840
79851
79853
79856
79858
79861
79870
79889
79943
79996
80029
80044
80071
80088
80091
80101
80102
80103
80185
80201
80210
80236
80239
80244
80267
80278
80285
80304
80313
80319
80325
80345
80349
80362
80388
80395
80405
80421
80424
80450
80454
80580
80650
80667
80684
80726
80727
80732
80734
80739
80842
80879
80910
80912
80921
80924
80928
80931
80935
80958
80965
80969
80975
81025
81136
81192
81210
81216
81238
81277
81360
81413
81508
81526
81549
81553
81555
81637
81643
81659
81790
81803
81812
81817
81824
81842
81854
81913
81944
81968
81982
81992
81994
81995
82026
82041
82044
82063
82071
82090
82091
82099
82100
82103
82134
82136
82153
82159
82161
82164
82176
82191
82200
82206
82208
82249
82256
82264
82323
82338
82349
82386
82395
82397
82398
82432
82437
82445
82482
82493
82494
82528
82531
82533
82568
82586
82593
82594
82595
82598
82599
82630
82650
82681
82684
82693
82729
82741
82751
82756
82783
82798
82800
82803
82812
82827
82874
82877
82942
82951
82955
82959
82980
83038
83069
83105
83111
83129
83143
83153
83157
83192
83193
83200
83218
83226
83272
83273
83293
83381
83391
83392
83396
83425
83431
83438
83460
83481
83489
83490
83495
83502
83520
83522
83527
83537
83550
83553
83563
83566
83575
83688
83713
83728
83762
83778
83795
83801
83810
83833
83837
83855
83858
83872
83873
83878
83882
83895
83962
83966
83967
84002
84130
84149
84183
84220
84221
84230
84235
84245
84266
84267
84305
84329
84336
84377
84421
84436
84455
84463
84465
84477
84529
84574
84579
84591
84594
84615
84623
84661
84698
84700
84747
84760
84783
84784
84789
84799
84804
84810
84813
84835
84837
84845
84858
84861
84874
84887
84910
84922
84947
84952
84978
84979
84989
84999
85004
85008
85035
85056
85070
85073
85075
85091
85093
85100
85118
85126
85149
85204
85212
85215
85223
85237
85238
85241
85245
85248
85280
85338
85367
85409
85413
85415
85430
85450
85457
85463
85482
85507
85514
85523
85527
85529
85546
85611
85616
85620
85629
85638
85645
85695
85713
85715
85720
85764
85820
85878
85956
85959
85964
85983
85984
85990
86035
86058
86067
86068
86074
86090
86107
86115
86120
86160
86166
86286
86342
86399
86406
86412
86413
86425
86434
86445
86449
86453
86461
86509
86518
86532
86545
86555
86609
86646
86676
86690
86751
86753
86786
86833
86845
86846
86847
86851
86893
86910
86912
86922
86963
86972
86981
87003
87080
87122
87130
87137
87259
87270
87272
87277
87315
87317
87368
87396
87450
87478
87514
87643
87645
87676
87698
87733
87763
87838
87841
87870
87874
87920
87943
87957
87990
87995
88011
88034
88046
88084
88095
88099
88109
88111
88163
88167
88212
88215
88227
88259
88266
88340
88351
88355
88361
88380
88401
88406
88419
88426
88439
88451
88466
88498
88499
88522
88552
88553
88554
88555
88591
88599
88613
88622
88627
88635
88674
88688
88711
88720
88722
88726
88732
88738
88739
88747
88760
88774
88776
88797
88807
88829
88843
88877
88899
88903
88921
88980
88997
89020
89032
89052
89088
89092
89116
89146
89151
89153
89155
89160
89193
89204
89256
89263
89284
89334
89353
89354
89371
89400
89404
89417
89426
89427
89437
89442
89452
89463
89475
89486
89490
89492
89505
89511
89520
89525
89542
89547
89550
89586
89589
89591
89596
89602
89622
89647
89666
89670
89677
89686
89691
89692
89708
89726
89740
89748
89749
89754
89761
89763
89781
89790
89811
89852
89856
89874
89912
89917
89919
89944
89981
89989
89992
90002
90031
90038
90051
90053
90065
90077
90084
90145
90150
90151
90152
90168
90185
90190
90197
90201
90209
90245
90264
90296
90297
90305
90340
90348
90382
90392
90418
90495
90497
90580
90645
90655
90669
90673
90674
90725
90795
90819
90820
90823
90979
90990
91033
91042
91057
91067
91091
91093
91101
91105
91125
91132
91137
91150
91196
91203
91207
91211
91215
91239
91242
91252
91282
91283
91328
91389
91399
91423
91461
91483
91488
91557
91564
91572
91587
91589
91591
91594
91596
91602
91618
91644
91799
91805
91824
91833
91841
91846
91883
91902
91911
91913
91929
91938
91958
91965
91985
91989
92001
92032
92037
92206
92239
92242
92248
92290
92292
92295
92377
92499
92505
92509
92560
92578
92593
92619
92629
92630
92635
92647
92658
92683
92701
92704
92709
92737
92744
92758
92761
92838
92915
92959
93015
93025
93044
93045
93055
93070
93175
93205
93210
93219
93231
93242
93269
93294
93327
93362
93398
93417
93427
93431
93434
93466
93480
93492
93500
93505
93527
93530
93535
93537
93548
93568
93591
93629
93640
93655
93663
93677
93684
93719
93759
93783
93789
93837
93857
93860
93875
93895
93971
93976
94050
94076
94088
94118
94125
94140
94142
94156
94157
94169
94177
94178
94180
94192
94209
94213
94220
94229
94232
94233
94234
94248
94256
94261
94263
94268
94289
94329
94343
94344
94361
94367
94376
94420
94427
94436
94458
94467
94488
94534
94620
94645
94672
94673
94705
94735
94737
94748
94750
94775
94783
94789
94795
94806
94839
94852
94867
94876
94887
94916
94927
94929
94933
94975
95036
95068
95139
95149
95158
95175
95201
95204
95217
95276
95293
95316
95348
95360
95361
95366
95381
95383
95411
95417
95428
95435
95461
95470
95483
95488
95491
95495
95499
95516
95523
95551
95556
95558
95567
95581
95596
95618
95619
95736
95737
95758
95800
95823
95824
95834
95837
95877
95923
95942
95943
95948
96115
96331
96348
96424
96979
97059
97083
97117
97125
97127
97138
97154
97184
97186
97187
97194
97228
97233
97238
97239
97241
97243
97257
97260
97269
97272
97283
97286
97299
97355
97376
97422
97434
97456
97474
97499
97509
97518
97559
97561
97602
97651
97705
97730
98172
98220
98254
98265
98281
98295
98300
98314
98322
98328
98360
98382
98452
98508
98593
98629
98691
98820
98835
98843
98844
98885
98931
99019
99046
99056
99067
99079
99091
99095
99117
99167
99171
99194
99197
99209
99219
99243
99252
99257
99266
99274
99275
99284
99287
99310
99345
99351
99375
99382
99390
99393
99403
99411
99422
99432
99441
99447
99448
99450
99451
99452
99479
99483
99503
99526
99528
99535
99562
99575
99590
99605
99607
99638
99650
99653
99658
99673
99696
99715
99719
99723
99746
99754
99756
99761
99798
99800
99801
99805
99807
99810
99814
99816
99826
99835
99873
99876
99910
99918
99932
99960
99973
99987
99996
100007
100047
100082
100124
100131
100138
100139
100170
100217
100225
100267
100293
100325
100331
100335
100367
100390
100408
100417
100430
100438
100453
100469
100474
100495
100529
100534
100541
100543
100545
100581
100589
100591
100739
100755
100764
100786
100821
100857
100865
100902
100916
100992
101024
101026
101068
101080
102136
102148
102206
102214
102218
102239
102267
102270
102286
102287
102297
102334
102357
102360
102362
102365
102372
102380
102387
102410
102420
102424
102472
102473
102547
102575
102582
102583
102623
102634
102644
102652
102685
102690
102693
102700
102754
102760
102762
102786
102804
102928
102948
102965
102977
102978
102999
103031
103077
103082
103097
103100
103200
103214
103247
103255
103310
103386
103394
103411
103473
103474
103475
103486
103487
103493
103495
103507
103513
103521
103554
103575
103585
103595
103598
103599
103622
103626
103640
103647
103666
103667
103684
103703
103745
103759
103805
103857
103865
103871
103883
103891
103921
103929
103969
103981
104025
104044
104052
104064
104080
104085
104101
104128
104132
104158
104169
104176
104209
104234
104243
104248
104294
104300
104303
104315
104321
104338
104340
104343
104448
104463
104469
104470
104477
104484
104485
104492
104496
104499
104526
104535
104536
104562
104563
104571
104574
104596
104612
104638
104645
104652
104669
104732
104751
104780
104783
104790
104803
104807
104808
104813
104814
104824
104832
104834
104836
104837
104854
104873
104881
104884
104895
104969
104970
104973
104983
105021
105023
105039
105042
105046
105097
105119
105130
105151
105163
105168
105179
105206
105222
105224
105234
105244
105245
105258
105275
105315
105328
105343
105350
105370
105377
105381
105387
106405
106412
106445
106447
106479
106501
106515
106540
106558
106573
106593
106605
106618
106634
106635
106640
106643
106648
106649
106653
106668
106679
106706
106720
106730
106738
106753
106818
106839
106863
106870
106886
106893
106902
106919
106922
106924
106960
106981
106990
107022
107030
107037
107043
107049
107054
107098
107101
107111
107128
107153
107160
107190
107242
107254
107262
107304
107318
107338
107347
107384
107427
107432
107435
107469
107473
107476
107490
107492
107520
107579
107605
107620
107695
107723
107745
107771
107773
107788
107821
107823
107835
107845
107855
107873
107900
107917
107922
108022
108065
108075
108153
108183
108184
108228
108231
108247
108264
108274
108281
108311
108338
108413
108417
108488
108503
108506
108542
108562
108675
108678
108693
108694
108707
108755
108756
108839
108913
108935
108983
108986
109005
109006
109021
109063
109093
109192
109250
109255
109273
109290
109295
109296
109379
109391
109394
109398
109411
109422
109432
109440
109472
109473
109484
109488
109490
109493
109495
109505
109509
109538
109539
109544
109553
109589
109647
109657
109688
109732
109772
109878
109881
109941
109955
110204
110285
110342
110347
110379
110404
110520
110586
110664
110702
110731
110742
110767
110772
110783
110793
110806
110830
110835
111137
111141
111150
111315
111461
111628
111641
111704
111838
111880
111928
111969
111970
111985
112010
112102
112173
112206
112312
112383
112425
112468
112528
112549
112585
112586
112588
112590
112591
112597
112626
112630
112647
112650
112664
112684
112701
112704
112736
112753
112756
112761
112783
112787
112791
112798
112847
112899
112906
112910
112913
112922
112925
112926
112934
112997
113033
113044
113051
113071
113074
113127
113151
113152
113155
113156
113195
113213
113234
113283
113328
113357
113373
113376
113378
113385
113402
113417
113418
113456
113474
113479
113482
113494
113547
113550
113575
113635
113714
113755
113764
113767
113777
113803
113806
113808
113833
113852
113862
113868
113889
113890
113894
113918
113924
113935
113973
113983
113990
113997
114018
114027
114053
114058
114079
114113
114120
114136
114180
114182
114184
114193
114216
114220
114224
114249
114373
114405
114417
114431
114442
114443
114489
114516
114529
114544
114548
114555
114644
114646
114647
114677
114698
114730
114762
114771
114786
114816
114818
114826
114828
114832
114837
114845
114850
114868
114880
114881
114888
114891
114896
114909
114910
114913
114915
114935
114946
114952
114982
115003
115015
115021
115059
115068
115077
115081
115085
115124
115154
115157
115170
115185
115189
115191
115202
115233
115248
115266
115272
115290
115303
115306
115314
115332
115333
115341
115374
115377
115384
115387
115389
115400
115405
115408
115414
115417
115430
115451
115454
115455
115503
115520
115532
115536
115542
115544
115558
115577
115580
115641
115651
115714
115722
115772
115822
115824
115828
115847
115865
115890
115897
115898
115911
115915
115929
115930
115944
115951
116003
116005
116014
116025
116044
116078
116115
116117
116162
116225
116257
116298
116314
116338
116340
116444
116455
116467
116470
116481
116491
116499
116510
116523
116533
116558
116578
116615
116616
116760
116761
116767
116860
116863
116893
116906
116913
116947
116953
116968
116975
116980
117006
117016
117054
117068
117077
117110
117144
117172
117273
117330
117456
117463
117476
117497
117718
117750
117773
117810
117872
117920
118022
118023
118044
118199
118411
118415
118429
118433
118437
118463
118468
118475
118484
118508
118509
118521
118527
118534
118536
118546
118548
118551
118565
118607
118611
118615
118635
118639
118661
118671
118691
118692
118711
118733
118744
118764
118769
118787
118793
118845
118850
118851
118860
118869
118887
118906
118921
118929
118933
118957
118959
118961
118967
118978
118999
119004
119011
119025
119047
119058
119100
119102
119114
119127
119136
119139
119140
119154
119160
119189
119216
119233
119237
119250
119252
119261
119268
119290
119304
119321
119335
119377
119387
119388
119398
119400
119408
119409
119412
119414
119425
119426
119437
119438
119464
119480
119481
119486
119497
119508
119528
119547
119574
119584
119591
119603
119604
119607
119612
119645
119650
119651
119653
119665
119715
119731
119754
119758
119760
119765
119784
119785
119787
119791
119795
119817
119862
119887
119888
119901
119935
119958
119973
119979
120000
120011
120012
120016
120020
120100
120158
120219
120292
120324
120357
120383
120417
120443
120457
120524
120551
120633
120693
120700
120716
120759
120829
120914
120915
120917
120927
120949
120957
120970
120971
121034
121040
121041
121053
121063
121065
121070
121084
121085
121089
121096
121097
121110
121118
121138
121139
121143
121154
121159
121177
121200
121202
121218
121230
121243
121244
121245
121276
121279
121320
121381
121401
121402
121416
121459
121493
121494
121503
121505
121550
121559
121560
121564
121592
121667
121675
121690
121724
121729
121732
121734
121736
121739
121777
121794
121808
121815
121838
121840
121845
121861
121867
121870
121883
121884
121900
121901
121903
121917
121931
121932
121936
121939
121940
121941
121950
121952
121979
121989
121991
121997
122001
122052
122079
122134
122147
122158
122180
122192
122199
122224
122241
122246
122260
122286
122334
122336
122359
122398
122429
122438
122459
122463
122471
122484
122487
122527
122531
122541
122563
122616
122674
122678
122739
122837
122838
122905
123180
123377
123518
123545
123567
123602
123646
123660
123676
123679
123685
123709
123712
123716
123749
123812
123852
123948
123984
124006
124022
124024
124036
124112
124159
124279
124309
124516
124549
124599
124616
124669
124763
124882
124950
124996
125007
125237
125257
125260
125275
125277
125279
125290
125314
125372
125385
125400
125432
125501
125518
125553
125554
125560
125583
125588
125594
125637
125674
125750
125761
125766
125768
125786
125787
125791
125810
125823
125831
125834
125875
125945
126006
126012
126027
126028
126040
126041
126052
126073
126105
126107
126109
126118
126142
126150
126163
126195
126197
126198
126214
126225
126232
126239
126248
126258
126264
126276
126278
126285
126293
126342
126386
126388
126438
126448
126457
126469
126473
126532
126536
126545
126546
126554
126563
126570
126584
126589
126605
126606
126610
126639
126640
126642
126646
126663
126665
126678
126680
126698
126699
126711
126715
126721
126730
126733
126745
126754
126760
126762
126779
126789
126796
126800
126819
126824
126841
126856
126863
126866
126881
127023
127043
127048
127057
127085
127105
127138
127140
127141
127188
127196
127203
127207
127212
127213
127255
127263
127267
127268
127272
127275
127287
127288
127291
127293
127322
127352
127527
127616
127670
127835
127855
127875
128033
128055
128076
128079
128099
128141
128264
128273
128291
128364
128368
128377
128382
128390
128398
128399
128406
128413
128415
128418
128419
128438
128439
128443
128461
128463
128473
128476
128481
128483
128485
128501
128503
128507
128509
128512
128538
128560
128568
128572
128581
128593
128598
128606
128607
128611
128619
128622
128648
128691
128693
128713
128730
128755
128756
128771
128793
128835
128840
128845
128854
128900
128908
128924
129083
129085
129094
129098
129107
129146
129168
129172
129182
129190
129197
129201
129235
129246
129250
129283
129295
129355
129356
129373
129404
129410
129426
129452
129463
129473
129485
129498
129500
129504
129506
129556
129559
129573
129580
129585
129595
129607
129618
129625
129665
129696
129700
129718
129720
129721
129733
129736
129749
129771
129784
129786
129787
129789
129807
129815
129821
129825
129833
129840
129859
129863
129946
130015
130046
130057
130067
130074
130090
130104
130387
130934
131121
131239
131257
131262
131286
131532
132495
132803
132819
132834
133800
133833
133978
134304
134364
134420
134424
134466
134566
134607
134619
135087
135190
135388
135391
135422
135451
135611
135672
135673
135694
135806
135945
136064
136716
136727
136754
136785
136790
136793
136810
136813
136819
136824
136863
136897
136903
136910
136937
137075
137116
137172
137193
137279
137370
137440
137456
137466
137764
137778
137853
137942
137961
137985
137995
138257
138542
138548
138708
138893
139201
139254
140790
140804
140904
140926
141177
141347
141526
141567
141624
141630
141633
141754
141755
141894
141943
141994
142355
142466
142574
142707
142724
142728
142733
142764
143132
143282
143460
143488
143683
143715
143925
144580
144815
144854
144941
144976
144979
144981
145011
145082
145083
145519
145536
145550
145567
145570
145575
145620
145629
145634
145639
145648
145649
145694
145698
145737
145749
145757
145760
145761
145793
145809
145814
145863
145899
145908
145927
145930
145944
145948
145959
145983
146034
146086
146100
146101
146109
146116
146187
146194
146199
146206
146220
146231
146234
146238
146266
146382
146386
146388
146395
146412
146415
146428
146432
146436
146453
146482
146493
146494
146497
146503
146504
146521
146535
146553
146575
146576
146590
146593
146688
146693
146701
146702
146705
146708
146734
146772
146793
146796
146844
146857
146860
146895
146925
146933
146943
146966
146974
146982
147012
147020
147028
147029
147077
147089
147165
147166
147169
147198
147210
147245
147250
147257
147316
147404
147413
147420
147435
147491
147492
147513
147557
147573
147612
147618
147667
147688
147727
147731
147732
147759
147789
147876
147894
148015
148016
148034
148042
148058
148062
148095
148154
148157
148179
148241
148290
148321
148388
148404
148425
148442
148468
148494
148678
148728
148748
148931
148938
148996
149002
149011
149031
149048
149069
149074
149120
149139
149151
149160
149164
149253
149343
149363
149378
149436
149443
149495
149504
149564
149619
149634
149667
149712
149726
149731
149742
149796
149832
149837
149856
149861
149889
150082
150109
150119
150128
150156
150181
150189
150212
150273
150338
150447
150453
150485
150504
150640
150649
150739
150741
150743
150853
151039
151053
151071
151081
151103
151145
151271
151321
151337
151418
151444
151679
151681
151712
151717
151778
151866
151867
151901
151933
151969
151991
151998
152062
152065
152075
152090
152105
152164
152189
152242
152299
152327
152338
152367
152415
152416
152419
152457
152523
152565
152581
152603
152622
152634
152636
152644
152729
152740
152762
152890
152929
152931
152936
152940
153044
153101
153115
153273
153302
153363
153392
153403
153480
153516
153544
153568
153591
153626
153698
153736
153738
153821
153835
153988
154000
154010
154015
154017
154018
154029
154046
154059
154074
154089
154128
154134
154141
154148
154185
154188
154245
154260
154328
154352
154354
154356
154375
154384
154385
154400
154401
154436
154471
154490
154500
154510
154528
154529
154584
154595
154631
154648
155022
155138
155418
155430
155440
155466
155467
155560
155570
155584
155617
155621
155632
155743
155749
155778
155822
155831
155885
155889
155893
155896
155937
155953
155963
156027
156028
156058
156060
156086
156101
156112
156123
156141
156177
156182
156195
156240
156278
156309
156345
156395
156397
156481
156644
156650
156694
156758
156788
156792
156828
156935
156936
156939
156946
156996
157000
157006
157059
157098
157168
157181
157342
157343
157345
157365
157420
157538
157586
157606
157676
157684
157735
157742
157748
157749
157753
157754
157863
157889
157894
157971
158191
158214
158234
158261
158277
158398
158515
158592
158593
158621
158785
158815
158852
159292
159382
159446
159520
159534
159559
159575
159576
159645
159669
159687
159709
159835
159836
159949
159995
160011
160058
160059
160067
160127
160144
160149
160154
160184
160225
160242
160278
160302
160307
160308
160373
160419
160428
160475
160489
160499
160530
160589
160596
160697
160750
160755
160759
160786
160828
160871
160912
161024
161108
161143
161204
161270
161297
161362
161390
161414
161437
161441
161514
161545
161549
161566
161618
161643
161677
161691
161717
161720
161726
161738
161744
161752
161759
161771
161785
161803
161812
161825
161831
161836
161841
161847
161933
161969
161985
162011
162026
162050
162076
162104
162111
162127
162150
162163
162168
162191
162205
162264
162273
162279
162295
162326
162551
162656
162749
162750
162768
162777
162804
162825
163001
163008
163116
163216
163395
163422
163501
163523
163537
163763
163789
163836
163856
163858
163860
163870
163878
163894
163896
163971
164028
164045
164057
164067
164085
164090
164174
164248
164270
164282
164306
164311
164327
164462
164641
164654
164698
164876
164934
164940
164947
164967
164984
164987
165008
165039
165062
165108
165121
165129
165144
165149
165156
165168
165181
165211
165215
165229
165238
165432
165435
165476
165517
165563
165686
165771
165962
165999
166005
166018
166047
166159
166172
166207
166212
166219
166304
166325
166371
166392
166413
166415
166438
166464
166486
166534
166538
166555
166573
166590
166596
166704
166712
166742
166745
166753
166865
166923
166999
167001
167077
167084
167438
167495
167556
167604
167731
167752
167780
167805
167823
167840
167975
168283
168304
168327
168368
168463
168510
168514
168525
168625
168643
168674
168751
168756
168768
168772
168784
168801
168843
168877
168897
168900
168964
169001
169109
169154
169159
169197
169202
169206
169244
169260
169317
169398
169423
169631
169666
169671
169700
169738
169781
169799
169910
169949
169994
170299
170302
170308
170337
170342
170399
170409
170416
170437
170464
170467
170472
170477
170494
170508
170511
170529
170548
170574
170582
170603
170626
170628
170629
170668
170670
170683
170709
170730
170746
170750
170790
170804
170806
170814
170831
170839
170841
170842
170847
170848
170855
170879
170889
170919
170937
170949
170957
170971
170976
170977
170998
171015
171058
171061
171077
171080
171090
171091
171119
171143
171144
171161
171164
171166
171168
171184
171199
171210
171236
171250
171251
171253
171269
171282
171317
171330
171340
171342
171347
171362
171363
171373
171386
171394
171398
171422
171456
171475
171484
171489
171513
171537
171548
171599
171607
171620
171637
171644
171646
171651
171667
171705
171760
171793
171811
171832
171843
171860
171864
171869
171898
171911
171912
171950
172004
172020
172098
172104
172209
172229
172251
172266
172281
172400
172418
172517
172609
172617
172677
172679
172684
172687
172689
172705
172715
172737
172741
172747
172777
172785
172790
172795
172796
172819
172829
172834
172843
172851
172857
172890
172891
172897
172900
172936
172940
172941
172949
172969
172975
172987
172997
172998
173012
173027
173036
173039
173040
173043
173062
173098
173140
173145
173211
173226
173230
173275
173276
173277
173328
173354
173358
173486
173504
173561
173566
173581
173582
173603
173616
173630
173639
173647
173682
173729
173731
173736
173742
173746
173765
173767
173770
173776
173787
173789
173806
173808
173829
173872
173904
173926
173929
173963
173965
173969
173983
174098
174113
174128
174139
174148
174194
174206
174208
174232
174234
174267
174277
174281
174289
174319
174342
174355
174385
174418
174492
174494
174496
174499
174504
174546
174560
174567
174604
174646
174657
174669
174784
174835
174924
174940
174970
174995
175042
175047
175081
175102
175113
175157
175230
175294
175298
175303
175345
175356
175391
175395
175397
175399
175401
175407
175421
175447
175458
175463
175490
175584
175600
175624
175651
175741
175774
175794
175829
175873
175876
175944
176056
176073
176135
176257
176372
176476
176517
176593
176597
176606
176615
176627
176657
176668
176679
176756
176814
176833
176841
176876
176908
176926
176954
177064
177189
177306
177308
177376
177387
177471
177586
177654
177737
177743
177753
177768
177791
177792
177822
177874
177906
177918
177925
177926
177928
177929
177932
177937
177954
177959
177962
177969
178004
178067
178096
178099
178147
178171
178224
178235
178254
178311
178314
178336
178368
178401
178422
178448
178487
178579
178610
178653
178660
178679
178690
178699
178706
178918
178921
179023
179036
179066
179158
179174
179209
179225
179251
179268
179271
179364
179397
179465
179474
179479
179568
179601
179632
179646
180010
180011
180040
180042
180136
180208
180233
180242
180250
180273
180284
180291
180298
180326
180375
180376
180379
180382
180406
180409
180426
180516
180528
180543
180562
180617
180621
180627
180630
180704
180844
180849
180856
180862
180964
181006
181035
181265
181320
181326
181418
181446
181498
181508
181516
181577
181587
181664
181682
181686
181690
181697
181793
181794
181822
181835
181884
181933
181950
181981
181999
182006
182042
182119
182130
182157
182183
182194
182200
182236
182245
182257
182260
182289
182290
182301
182309
182422
182449
182463
182490
182493
182503
182518
182534
182543
182591
182609
182612
182632
182633
182669
182674
182678
182686
182703
182715
182725
182732
182743
182765
182791
182821
182855
182881
182912
182917
182921
182922
182923
182926
182943
182957
182969
182984
182999
183002
183016
183026
183033
183101
183186
183195
183202
183251
183294
183298
183300
183358
183370
183536
183540
183541
183548
183611
183733
183782
183830
183852
183857
183863
183867
183926
183954
183988
183996
184005
184056
184095
184147
184161
184202
184380
184428
184430
184435
184458
184482
184581
184628
184649
184665
184723
184736
184794
184798
184823
184856
184988
185366
185485
185602
185726
185727
185811
185850
185871
185967
185976
186019
186039
186062
186090
186100
186130
186168
186224
186244
186302
186346
186386
186418
186776
186815
186925
186978
186988
187058
187209
187239
187319
187556
187608
187784
187853
187896
188024
188039
188060
188067
188100
188114
188212
188334
188355
188411
188429
188454
188476
188501
188508
188519
188525
188578
188591
188631
188649
188657
188660
188665
188695
188928
188969
189000
189016
189136
189258
189307
189341
189346
189368
189395
189403
189407
189413
189474
189479
189574
189689
189741
189759
189823
189861
189918
189964
190047
190102
190257
190271
190302
190311
190512
190601
190613
190652
190664
190671
190683
190692
190701
190729
190733
190746
190751
190767
190778
190783
190807
190812
190814
190842
190939
190942
190963
190964
190980
190986
191032
191035
191040
191060
191075
191078
191091
191092
191106
191154
191170
191199
191213
191222
191223
191235
191278
191286
191294
191308
191364
191381
191414
191425
191449
191550
191591
191592
191615
191634
191650
191651
191692
191701
191705
191734
191754
191760
191803
191846
191880
191907
191908
191988
192002
192008
192120
192145
192163
192167
192219
192222
192227
192252
192265
192274
192283
192299
192311
192314
192319
192330
192346
192368
192386
192388
192415
192420
192431
192451
192452
192459
192475
192476
192485
192494
192497
192525
192541
192585
192601
192616
192617
192618
192624
192625
192636
192638
192640
192647
192656
192673
192676
192696
192707
192731
192751
192762
192797
192798
192806
192807
192812
192816
192821
192880
192886
192896
192900
192903
192915
192959
192974
192981
192989
193032
193042
193058
193064
193119
193129
193131
193135
193141
193146
193179
193194
193226
193245
193250
193257
193323
193331
193359
193368
193375
193380
193454
193484
193491
193507
193514
193520
193522
193533
193547
193548
193554
193582
193595
193663
193703
193715
193720
193721
193734
193740
193747
193772
193805
193894
193939
193945
193953
193988
194083
194122
194156
194234
194360
194496
194499
194500
194513
194528
194539
194541
194559
194576
194669
194687
194688
194713
194726
194735
194806
194833
194838
194856
194869
194924
194932
194935
194948
194952
194960
195021
195050
195095
195097
195152
195226
195236
195239
195254
195262
195293
195294
195295
195329
195333
195337
195345
195361
195367
195410
195423
195441
195450
195476
195571
195589
195651
195653
195674
195705
195713
195757
195772
195823
195832
195863
195877
195883
195927
195952
195955
195997
196014
196042
196053
196076
196082
196091
196096
196184
196187
196190
196191
196195
196212
196220
196264
196270
196271
196289
196313
196323
196329
196331
196359
196380
196393
196423
196430
196434
196438
196448
196472
196499
196577
196613
196633
196670
196713
196873
196899
196902
196975
197190
197191
197317
197417
197452
197553
197554
197593
197653
197658
197666
197708
197718
197797
197972
198037
198046
198113
198256
198259
198261
198270
198353
198408
198448
198467
198468
198470
198483
198496
198511
198515
198524
198526
198574
198590
198598
198600
198615
198642
198650
198662
198676
198695
198709
198725
198736
198745
198761
198787
198810
198840
198848
198881
198897
198913
198921
198941
198960
198966
198974
199002
199024
199034
199037
199041
199049
199055
199078
199080
199085
199113
199133
199157
199161
199164
199168
199181
199195
199200
199214
199221
199222
199233
199259
199276
199282
199290
199304
199316
199324
199333
199378
199398
199409
199458
199480
199487
199509
199517
199532
199544
199622
199660
199669
199676
199704
199731
199780
199793
199797
199800
199815
199819
199820
199850
199860
199885
199935
200107
200116
200251
200287
200385
200437
200460
200626
200645
200670
200674
200681
200683
200746
200776
200798
200810
200817
200847
200849
200853
200867
200873
200877
200895
200902
200904
200926
200929
200934
200948
200969
200995
201022
201052
201053
201078
201124
201127
201193
201240
201307
201377
201393
201414
201460
201478
201510
201530
201573
201581
201599
201601
201610
201617
201652
201665
201679
201701
201711
201732
201812
201827
201918
201920
201932
201934
201998
202051
202073
202113
202121
202130
202166
202185
202287
202298
202301
202308
202342
202347
202348
202362
202414
202436
202621
202669
202697
202721
202725
202727
202741
202767
202820
202838
202869
202905
202911
202913
202937
202972
203051
203092
203217
203234
203287
203329
203426
203506
203516
203517
203532
203556
203685
203782
203815
203843
203865
203878
203906
203918
203978
204037
204048
204073
204182
204227
204298
204304
204307
204319
204340
204341
204362
204375
204397
204582
204584
204586
204589
204593
204596
204622
204651
204785
204967
204993
205037
205040
205044
205045
205062
205075
205185
205307
205427
205440
205520
205533
205584
205644
205645
205792
205906
205914
205942
205956
206011
206017
206027
206122
206159
206163
206175
206230
206240
206243
206276
206299
206310
206337
206345
206347
206350
206434
206476
206478
206580
206588
206589
206591
206606
206626
206667
206716
206742
206747
206774
206843
206888
206936
206965
206981
206989
207000
207135
207171
207217
207229
207237
207258
207263
207284
207297
207305
207321
207350
207393
207399
207417
207510
207552
207641
207686
207738
207805
207811
207821
207829
207830
207919
207942
207952
208008
208117
208225
208244
208247
208253
208258
208263
208289
208349
208374
208380
208383
208395
208404
208425
208471
208516
208525
208529
208530
208558
208559
208561
208591
208629
208635
208640
208641
208684
208708
208758
208760
208781
208782
208815
208837
208852
208877
208879
208884
208887
208889
208893
208905
208911
208912
208914
208918
208947
208951
208953
208967
208968
208989
209001
209012
209062
209092
209155
209223
209236
209254
209293
209395
209476
209519
209617
209619
209662
209692
209705
209715
209724
209752
209787
209803
209830
210223
210454
210520
210544
210631
210677
210687
210779
210848
211094
211154
211309
211345
211355
211361
211371
211375
211378
211394
211418
211427
211433
211448
211462
211464
211539
211745
211755
211759
211802
211813
211821
211824
211827
211830
211868
211885
212001
212005
212015
212023
212037
212154
212205
212215
212383
212402
212406
212410
212423
212426
212431
212539
212820
212872
212873
212982
213056
213098
213099
213102
213109
213116
213124
213125
213130
213164
213170
213178
213195
213205
213207
213224
213225
213249
213266
213299
213335
213346
213360
213397
213419
213431
213434
213437
213459
213462
213486
213493
213500
213503
213508
213518
213526
213536
213547
213597
213613
213614
213620
213624
213626
213628
213641
213664
213667
213671
213675
213677
213682
213693
213698
213873
213981
214035
214036
214057
214062
214068
214191
214261
214327
214338
214357
214378
214436
214534
214548
214571
214591
214633
214680
214703
214749
214787
214833
214883
215032
215078
215089
215090
215094
215116
215123
215135
215153
215158
215190
215191
215232
215234
215263
215266
215275
215286
215303
215377
215421
215438
215527
215558
215560
215584
215602
215610
215633
215658
215675
215718
215759
215781
215823
215831
215851
215854
215855
215869
215896
215915
215918
215934
215964
215967
215989
216013
216036
216053
216080
216097
216111
216145
216158
216200
216205
216215
216232
216237
216263
216307
216334
216338
216359
216364
216381
216479
216484
216491
216494
216497
216513
216524
216533
216616
216629
216647
216667
216699
216714
216715
216723
216724
216752
216806
216812
216835
216864
216867
216887
216910
216918
216921
216997
217001
217013
217015
217020
217041
217050
217064
217075
217108
217120
217208
217285
217303
217332
217338
217351
217352
217463
217482
217503
217508
217574
217604
217605
217633
217731
217762
217786
217789
217791
217917
217918
217919
217954
218037
218043
218051
218077
218104
218114
218118
218169
218206
218225
218240
218259
218319
218329
218377
218411
218427
218463
218477
218492
218530
218537
218549
218640
218688
218691
218700
218733
218754
218776
218780
218785
218851
218884
218970
218972
218976
219002
219014
219031
219039
219099
219109
219117
219131
219141
219223
219227
219235
219236
219256
219264
219299
219380
219405
219408
219409
219425
219449
219466
219475
219478
219481
219517
219563
219615
219645
219684
219695
219725
219839
219842
219863
219974
220048
220094
220100
220101
220126
220170
220214
220274
220330
220361
220384
220407
220422
220433
220472
220490
220500
220527
220533
220562
220566
220569
220572
220583
220591
220597
220628
220640
220646
220662
220663
220666
220718
220759
220774
220789
220837
220963
221023
221174
221235
221490
221511
221641
221698
221747
221869
222037
222064
222115
222172
222173
222192
222193
222220
222224
222226
222227
222243
222286
222329
222370
222393
222448
222546
222574
222578
222622
222650
222657
222669
222679
222684
222686
222773
222774
222785
222790
222804
222809
222838
222882
222938
223067
223071
223074
223092
223093
223098
223112
223126
223136
223137
223151
223158
223165
223192
223232
223277
223287
223297
223333
223362
223366
223377
223403
223501
223519
223532
223539
223572
223588
223602
223610
223618
223925
224205
224683
224896
224996
225025
225039
225163
225170
225317
225447
225723
225924
226096
226214
226265
226293
226313
226316
226470
226499
226678
226772
226784
226795
226814
226843
226846
226903
226920
226937
226938
226943
226952
226955
226983
226996
227001
227020
227023
227036
227037
227041
227122
227157
227206
227214
227244
227276
227316
227359
227399
228186
228188
228204
228220
228222
228240
228242
228250
228267
228284
228291
228292
228300
228302
228311
228323
228326
228361
228399
228422
228674
228796
228826
228932
228933
228935
228950
229005
229014
229195
229223
229240
229278
229312
229316
229393
229416
229418
229442
229444
229446
229451
229461
229513
229527
229545
229693
229701
229834
229842
229845
229934
229964
230030
230078
230079
230088
230089
230114
230140
230142
230147
230178
230186
230210
230225
230237
230238
230256
230260
230270
230279
230285
230297
230305
230307
230316
230318
230325
230327
230334
230350
230360
230411
230417
230425
230442
230466
230489
230503
230505
230512
230555
230563
230583
230603
230618
230622
230628
230651
230703
230706
230717
230720
230725
230726
230727
230732
230830
230900
230948
230953
230955
230972
230975
230984
230997
231083
231151
231154
231193
231201
231233
231239
231259
231442
231812
231813
232133
232138
232221
232336
232347
232371
232379
232393
232410
232416
232472
232781
232807
232844
232855
232867
232875
232884
232897
232905
232947
232953
232954
232968
233076
233264
233270
233272
233273
233345
233399
233444
233502
233519
233543
233560
233583
233715
233737
233739
233777
233786
233789
233828
233843
233847
233855
233882
233912
233982
234037
234062
234100
234191
234432
234439
234472
234490
234491
234499
234576
234579
234606
234770
234887
234897
234899
234907
234918
234919
234924
234926
234937
234939
234943
234979
235067
235072
235090
235094
235123
235155
235200
235202
235209
235211
235213
235242
235262
235285
235308
235352
235428
235433
235466
235535
235536
235545
235590
235592
235616
235621
235949
235987
235988
235996
236015
236040
236056
236065
236104
236112
236123
236132
236169
236264
236439
236485
236507
236543
236544
236556
236625
236755
236766
236832
236838
236881
236888
236891
236893
236903
236920
236952
236972
236982
237006
237012
237028
237033
237063
237110
237113
237122
237155
237268
237375
237435
237461
237499
237572
237607
237706
237757
237782
237818
237864
237929
237953
237996
238021
238047
238068
238098
238103
238110
238143
238157
238216
238229
238239
238373
238379
238421
238566
238567
238569
238571
238612
238625
238636
238652
238662
238673
238694
238709
238711
238715
238717
238736
238750
238771
238791
238800
238803
238835
238836
238843
238853
238855
238856
238860
238876
238882
238947
238983
239010
239022
239045
239071
239074
239084
239105
239106
239132
239134
239135
239136
239138
239141
239146
239191
239200
239220
239221
239227
239234
239253
239264
239265
239266
239275
239304
239312
239315
239322
239353
239360
239376
239398
239407
239410
239411
239412
239417
239437
239532
239556
239560
239596
239609
239616
239649
239666
239670
239679
239682
239728
239730
239738
239766
239809
239818
239831
239855
239877
239878
239888
239906
239916
239932
239943
239957
240009
240018
240031
240034
240040
240043
240071
240089
240098
240150
240155
240165
240175
240194
240198
240220
240241
240249
240253
240258
240310
240318
240334
240360
240366
240430
240433
240442
240447
240456
240526
240608
240638
240736
240780
240791
240797
240811
240812
240817
240848
240874
240913
240929
240957
240972
240991
240995
241023
241048
241049
241057
241066
241073
241082
241084
241094
241102
241109
241122
241123
241126
241139
241140
241178
241194
241197
241211
241229
241247
241248
241264
241290
241312
241321
241324
241331
241362
241371
241382
241398
241418
241434
241446
241449
241489
241501
241505
241522
241523
241536
241538
241587
241590
241599
241604
241632
241641
241655
241660
241661
241662
241679
241766
241767
241794
241796
241800
241825
241827
241829
241838
241839
241843
241847
241852
241901
241970
241990
242001
242026
242052
242062
242090
242106
242110
242140
242142
242171
242174
242178
242185
242222
242237
242248
242280
242293
242299
242300
242342
242351
242395
242399
242402
242404
242406
242419
242426
242441
242442
242459
242464
242466
242476
242477
242485
242487
242495
242521
242545
242558
242563
242565
242607
242632
242639
242659
242663
242669
242670
242677
242693
242699
242703
242731
242762
242779
242793
242810
242858
242958
242959
242972
243044
243055
243090
243098
243105
243141
243164
243174
243182
243184
243186
243211
243223
243239
243241
243284
243307
243317
243318
243323
243346
243422
243513
243541
243670
243724
243781
243841
243844
243864
243871
243934
243954
243985
244053
244060
244082
244158
244215
244224
244232
244243
244253
244289
244326
244340
244348
244369
244391
244415
244416
244446
244471
244533
244565
244574
244586
244594
244617
244622
244664
244673
244675
244680
244690
244726
244731
244745
244756
244766
244885
244904
244910
244965
244998
245056
245068
245069
245088
245123
245126
245154
245166
245268
245272
245373
245413
245525
245590
245605
245612
245638
245642
245690
245694
245695
245725
245782
245808
245836
245874
245878
245901
246005
246007
246016
246020
246055
246062
246078
246089
246095
246102
246107
246109
246110
246118
246120
246128
246143
246175
246219
246222
246252
246463
246488
246521
246545
246567
246583
246593
246603
246671
246771
246869
246877
246916
246937
246992
247020
247055
247061
247075
247105
247158
247163
247174
247274
247313
247336
247429
247441
247453
247511
247535
247538
247547
247559
247640
247675
247684
247724
247760
247782
247811
247816
247822
247823
247831
247842
247870
247929
247965
247969
247984
248023
248042
248059
248095
248133
248171
248260
248295
248327
248339
248384
248400
248409
248467
248504
248523
248532
248555
248580
248606
248641
248685
248809
248818
248852
249016
249030
249058
249065
249134
249152
249280
249318
249335
249356
249472
249536
249548
249601
249627
249707
249806
249810
249887
250039
250040
250043
250045
250079
250081
250140
250358
250379
250483
250493
250564
250631
250635
250638
250639
250666
250668
250687
250729
250746
250777
250792
250796
250808
250811
250827
250828
250841
250865
250868
250909
250914
250918
250921
251010
251065
251078
251108
251133
251142
251158
251166
251183
251213
251215
251235
251252
251263
251273
251306
251316
251317
251338
251354
251361
251366
251392
251456
251490
251518
251547
251638
251650
251716
251834
251873
251913
251922
251951
251957
251976
251997
252002
252011
252157
252203
252205
252217
252221
252233
252240
252294
252312
252389
252544
252764
252803
252827
252857
252878
252888
253003
253035
253091
253103
253127
253146
253436
253460
253559
253612
253795
253860
253881
253895
253896
253964
253977
254000
254071
254084
254117
254119
254133
254190
254196
254291
254311
254367
254408
254412
254422
254440
254487
254490
254648
254677
254703
254728
254736
254782
254788
254801
254815
254820
254865
254885
254892
254909
254928
254936
254966
254981
254995
255111
255177
255285
255444
255522
255557
255564
255615
255618
255666
255668
255693
255811
255834
255841
255844
255857
255858
255866
255868
255875
255898
255900
255904
255919
255961
256013
256014
256015
256150
256206
256229
256327
256336
256338
256340
256344
256362
256380
256503
256515
256580
256669
256725
256894
256938
256939
256965
256983
257029
257041
257073
257087
257123
257154
257156
257272
257284
257289
257294
257368
257375
257572
257589
257655
257743
257760
257858
257949
258118
258260
258323
258367
258377
258382
258483
258748
258750
259213
259237
259411
259448
259475
259518
259690
259696
259712
259715
259728
259734
259735
259740
259749
259755
259765
259808
259814
259833
260076
260094
260098
260137
260158
260214
260250
260308
260332
260338
260340
260344
260363
260367
260374
260380
260420
260443
260527
260535
260648
260686
260705
260798
260805
260840
260864
260962
260966
260978
260983
261075
261205
261252
261255
261258
261337
261352
261364
261366
261378
261404
261406
261419
261448
261451
261474
261492
261548
261785
261787
261802
261866
262024
262025
262036
262039
262051
262094
262481
262525
262982
263002
263143
263168
263217
263246
263249
263263
263392
263413
263448
263449
263488
263508
263583
263615
263687
263691
263739
263752
263940
264188
264192
264203
264217
264263
264291
264333
264352
264393
264399
264435
264456
264485
264541
264548
264553
264565
264566
264573
264589
264595
264604
264642
264646
264771
264772
264786
264792
264798
264805
264813
264838
264861
264869
264886
264913
264947
265116
265216
265422
265590
265718
265719
266054
266121
266269
266948
267024
267058
267094
267115
267118
267204
267259
267280
267558
267571
267750
267760
267900
267906
267931
267954
267958
267983
267993
268010
268011
268053
268083
268097
268098
268129
268184
268193
268198
268261
268300
268328
268363
268395
268401
268420
268440
268451
268482
268496
268500
268502
268518
268534
268548
268568
268593
268594
268631
268662
268663
268667
268672
268676
268683
268715
268742
268747
268762
268773
268788
268794
268817
268824
268874
268912
268917
268932
268947
268991
269009
269054
269070
269115
269121
269128
269141
269284
269325
269330
269355
269370
269394
269479
269555
269565
269629
269634
269636
269751
269763
269803
269813
269828
269839
269840
269844
269848
269852
269860
269870
269879
269883
269906
269922
269930
269944
269947
269948
269960
269992
270013
270069
270093
270094
270117
270168
270228
270235
270241
270314
270347
270388
270389
270502
270505
270558
270562
270597
270619
270626
270642
270644
270656
270662
270671
270682
270690
270705
270735
270766
270769
270781
270814
270867
270934
270978
270988
270989
271017
271018
271042
271045
271152
271158
271208
271223
271259
271264
271276
271304
271313
271421
271528
271571
271622
271651
271672
271681
271701
271893
271900
271936
271943
271976
272003
272016
272053
272084
272115
272175
272213
272351
272393
272416
272423
272474
272514
272602
272603
272664
272669
272672
272728
272744
272752
272796
272813
272821
272823
272853
272859
272863
272872
272886
272894
272898
272931
272943
272953
272992
273002
273007
273041
273070
273076
273087
273090
273099
273106
273119
273120
273134
273185
273195
273196
273202
273206
273215
273225
273239
273282
273295
273297
273317
273331
273360
273362
273377
273381
273427
273441
273450
273482
273522
273565
273607
273612
273632
273649
273654
273655
273668
273675
273681
273686
273691
273724
273751
273768
273779
273787
350832
350858
350860
350877
350885
350904
350913
350914
350916
350926
350927
350931
350939
350944
350979
350990
350993
351028
351044
351071
351096
351097
351108
351111
351118
351123
351132
351142
351145
351151
351153
351157
351161
351167
351185
351192
351198
351225
351241
351297
351308
351311
351348
351370
351377
351380
351396
351398
351405
351421
351428
351440
351444
351470
351471
351481
351484
351493
351504
351516
351517
351525
351526
351543
351545
351562
351578
351582
351584
351600
351616
351650
351659
351680
351686
351692
351705
351709
351714
351718
351720
351748
351769
351787
351795
351820
351822
351831
351832
351840
351845
351863
351864
351872
351907
351931
351940
351941
351954
351965
351969
351973
351979
351982
352005
352006
352014
352028
352029
352033
352040
352050
352052
352086
352095
352118
352119
352141
352142
352147
352157
352163
352171
352189
352261
352262
352281
352294
352295
352326
352327
352339
352344
352348
352350
352395
352404
352417
352432
352437
352449
352466
352478
352481
352497
352512
352522
352526
352544
352545
352631
352655
352661
352683
352684
352709
352715
352717
352731
352742
352767
352770
352779
352798
352800
352806
352831
352847
352853
352856
352878
352916
352935
352937
352970
352987
352990
353019
353037
353043
353052
353057
353077
353079
353087
353094
353102
353105
353106
353109
353120
353122
353130
353132
353137
353144
353146
353148
353158
353238
353255
353256
353326
353329
353338
353360
353374
353388
353390
353404
353411
353432
353441
353466
353468
353471
353473
353479
353481
353503
353505
353508
353515
353519
353529
353535
353538
353546
353549
353551
353557
353567
353570
353571
353589
353591
353601
353636
353646
353649
353657
353682
353701
353703
353705
353707
353713
353715
353729
353730
353739
353758
353778
353792
353810
353822
353870
353897
353914
353918
353924
353934
353939
353944
353972
353999
354026
354030
354036
354046
354047
354064
354065
354068
354084
354093
354102
354105
354107
354109
354137
354152
354164
354183
354188
354191
354211
354218
354234
354236
354244
354250
354255
354256
354267
354285
354287
354290
354291
354300
354324
354353
354380
354389
354395
354400
354432
354444
354448
354453
354464
354479
354489
354503
354504
354563
354583
354587
354600
354613
354614
354620
354627
354639
354641
354650
354667
354681
354684
354690
354695
354724
354734
354744
354775
354780
354838
354839
354886
354902
354951
354955
354961
354963
354975
355000
355001
355004
355024
355033
355048
355073
355085
355092
355104
355124
355127
355143
355144
355152
355174
355234
355235
355246
355247
355250
355272
355278
355285
355288
355311
355316
355318
355339
355347
355366
355370
355408
355413
355437
355535
355606
355608
355620
355635
355636
355643
355654
355658
355663
355668
355679
355698
355702
355703
355705
355736
355758
355875
355879
355893
355924
355930
355933
355945
355964
355973
355979
355984
355993
356004
356018
356037
356057
356070
356075
356107
356108
356123
356133
356134
356135
356136
356137
356158
356174
356182
356193
356194
356204
356205
376728
376773
376779
376780
376822
376827
376842
376852
376855
376886
376899
376913
376918
376925
376940
376979
377079
377101
377110
377141
377158
377162
377173
377192
377197
377199
377204
377316
377347
377357
377364
377380
377393
377510
377519
377531
377551
377556
377570
377654
377659
377667
377671
377672
377679
377723
377743
377766
377798
377826
378219
378300
378301
378329
378383
378404
378428
378497
378501
378502
378572
378594
378639
378650
378664
378678
378692
378697
378703
378713
378814
378816
378817
378887
378900
378906
378908
378910
378915
378917
378925
378929
378944
379061
379084
379089
379127
379197
379225
379244
379246
379254
379328
379330
379353
379380
379383
379404
379466
379498
379508
379514
379516
379549
379555
379563
379574
379612
379645
379669
379673
379680
379706
379743
379754
379756
379780
379792
379814
379822
379827
379882
379890
379901
379920
379921
379922
379934
379951
379957
379963
380038
380068
380138
380175
380176
380191
380203
380216
380223
380232
380242
380273
380276
380289
380318
380340
380342
380373
380390
380438
380452
380455
380465
380522
380559
380603
380605
380624
380638
380639
380646
380651
380656
380666
380701
380719
380750
380769
380783
380803
380837
380838
380854
380872
380882
380889
380894
380896
380897
380899
380900
380930
380934
380949
380974
380981
380984
381092
381137
381138
381192
381193
381298
381302
381330
381353
381365
381462
381466
381470
381545
381581
381590
381622
381628
381651
381688
381741
381754
381756
381757
381799
381800
381817
381819
381830
381839
381866
381905
381917
381925
381960
381971
382030
382072
382094
382095
382106
382107
382138
382139
382160
382168
382173
382189
382194
382198
382205
382210
382238
382258
382274
382304
382366
382367
382371
382386
382387
382392
382402
382414
382429
382432
382450
382474
382503
382505
382518
382520
382522
382528
382529
382536
382539
382542
382550
382554
382561
382564
382570
382589
382590
382645
382686
382689
382697
382712
382714
382720
382726
382730
382744
382747
382788
382795
382804
382807
382810
382843
382851
382853
382860
382870
382891
382929
382941
383002
383053
383056
383057
383095
383097
383179
383189
383195
383224
383251
383254
383273
383274
383292
383293
383295
383353
383358
383359
383366
383372
383389
383395
383460
383461
383468
383470
383476
383486
383493
383544
383551
383552
383592
383596
383599
383602
383610
383624
383647
383679
383687
383721
383736
383744
383745
383750
383785
383828
383839
383852
383863
383884
383887
383907
383914
383915
383945
383948
383961
383965
384016
384017
384029
384037
384040
384142
384225
384235
384237
384304
384312
384335
384341
384349
384364
384367
384388
384402
384409
384422
384464
384479
384480
384481
384493
384531
384559
384564
384580
384613
384635
384637
384648
384654
384658
384664
384674
384711
384716
384798
384803
384810
384833
384837
384914
384983
385003
385004
385031
385033
385052
385061
385063
385072
385095
385106
385107
385117
385142
385196
385301
385313
385322
385324
385325
385331
385358
385361
385387
385401
385404
385408
385422
385439
385441
385442
385447
385449
385478
385481
385505
385520
385523
385525
385561
385564
385570
385588
385599
385622
385648
385654
385655
385673
385675
385749
385784
385817
385867
385884
385889
385941
385961
385969
385976
385992
386009
386010
386034
386043
386061
386080
386086
386127
386140
386142
386144
386145
386181
386186
386199
386225
386230
386278
386306
386322
386323
386338
386381
386383
386430
386441
386458
386459
386488
386520
386551
386559
386561
386569
386585
386597
386599
386604
386609
386626
386641
386646
386653
386654
386660
386686
386737
386740
386742
386752
386761
386774
386796
386797
386819
386865
386962
386967
386970
386977
386996
387022
387026
387027
387030
387040
387051
387053
387054
387056
387077
387103
387104
387109
387125
387149
387163
387165
387170
387173
387184
387237
387248
387251
387253
387257
387262
387284
387319
387323
387361
387387
387396
387410
387424
387430
387431
387446
387459
387486
387495
387516
387530
387540
387543
387592
387594
387595
387615
387637
387643
387698
387779
387806
387808
387810
387820
387822
387856
387920
387923
387976
387980
387989
387997
387999
388002
388019
388042
388043
388067
388086
388089
388091
388102
388119
388143
388201
388203
388230
388243
388247
388259
388292
388296
388298
388303
388306
388323
388324
388326
388345
388355
388363
388386
388404
388423
388425
388430
388434
388448
388450
388472
388474
388492
388593
388599
388613
388647
388719
388739
388768
388780
388782
388783
388797
388811
388824
388856
388868
388886
388913
388922
388928
388936
388938
388948
388955
388957
389017
389038
389049
389076
389078
389087
389111
389117
389119
389121
389126
389177
389198
389208
389248
389266
389267
389275
389296
389299
389308
389380
389415
389550
389553
389603
389604
389606
389620
389638
389643
389647
389653
389661
389666
389674
389692
389697
389706
389707
389709
389758
389778
389786
389818
389830
389833
389835
389849
389851
389880
389905
389928
389960
389970
389973
389987
390003
390008
390034
390047
390057
390059
390069
390082
390083
390088
390105
390141
390147
390152
390165
390168
390175
390177
390192
390210
390230
390231
390233
390251
390259
390291
390301
390323
390324
390327
390340
390347
390352
390361
390364
390365
390419
390432
390470
390472
390482
390486
390490
390494
390506
390507
390515
390557
390561
390576
390606
390608
390611
390615
390617
390619
390620
390636
390650
390651
390667
390691
390692
390694
390696
390709
390740
390750
390789
390794
390799
390800
390801
390826
390832
390854
390898
390904
390916
390920
390935
390941
390963
390964
390967
390997
391017
391034
391067
391068
391069
391110
391111
391117
391122
391132
391144
391147
391154
391159
391160
391166
391182
391183
391184
391194
391199
391205
391222
391226
391239
391247
391256
391264
391271
391280
391293
391296
391323
391325
391326
391328
391342
391343
391351
391370
391373
391374
391379
391394
391396
391400
391402
391418
391450
391452
391464
391474
391482
391492
391496
391500
391511
391515
391525
391529
391535
391536
391547
391551
391571
391572
391579
391586
391593
391602
391603
391610
391613
391614
391618
391633
391658
391666
391679
391733
391744
391773
391779
391785
391786
391799
391831
391857
391901
391902
391910
391921
391929
391944
391954
391964
391967
391970
391985
391996
392001
392017
392019
392024
392047
392061
392113
392123
392125
392126
392134
392163
392165
392166
392167
392174
392181
392196
392234
392246
392248
392252
392278
392282
392299
392319
392333
392357
392380
392410
392418
392419
392430
392442
392468
392473
392479
392482
392485
392509
392514
392522
392530
392549
392551
392605
392608
392622
392625
392627
392639
392646
392663
392674
392696
392701
392703
392704
392707
392724
392725
392732
392747
392749
392771
392784
392798
392813
392833
392837
392844
392870
392891
392921
392922
392973
392974
392984
392996
393024
393050
393051
393053
393063
393065
393073
393079
393101
393110
393116
393123
393140
393148
393150
393217
393238
393278
393293
393313
393318
393332
393336
393356
393360
393363
393379
393390
393422
393428
393436
393443
393461
393465
393481
393500
393506
393530
393531
393543
393576
393578
393585
393589
393595
393613
393648
393663
393664
393686
393726
393728
393732
393742
393752
393754
393783
393800
393805
393834
393848
393854
393880
393888
393889
393895
393899
393900
393943
393946
393997
394017
394030
394042
394053
394065
394082
394094
394112
394124
394147
394157
394165
394167
394169
394178
394192
394201
394223
394225
394235
394239
394252
394280
394281
394282
394288
394293
394308
394312
394334
394350
394352
394361
394372
394384
394398
394402
394403
394443
394445
394446
394469
394470
394501
394504
394515
394517
394522
394526
394527
394582
394593
394609
394615
394616
394617
394626
394635
394646
394651
394653
394685
394688
394695
394704
394714
394724
394737
394764
394766
394772
394784
394788
394802
394812
394820
394821
394828
394862
394870
394872
394901
394930
394938
394960
394969
394975
395006
395029
395074
395075
395176
395182
395209
395238
395241
395250
395251
395255
395274
395275
395292
395293
395301
395322
395335
395354
395356
395366
395378
395395
395411
395434
395442
395443
395447
395448
395459
395462
395464
395468
395472
395499
395503
395515
395527
395531
395537
395554
395556
395558
395564
395579
395588
395602
395606
395607
395619
395629
395633
395646
395720
395735
395744
395767
395772
395846
395847
395848
395877
395880
395896
395907
395911
395917
395939
395945
395959
395979
395990
395996
395998
396015
396052
396067
396108
396109
396120
396127
396153
396161
396175
396193
396198
396224
396243
396301
396311
396316
396320
396326
396347
396352
396415
396416
396427
396430
396435
396442
396452
396480
396497
396506
396519
396543
396566
396572
396580
396583
396590
396598
396612
396618
396624
396627
396671
396678
396690
396693
396695
396703
396720
396743
396805
396861
396871
396876
396910
396952
397071
397076
397112
397116
397124
397144
397153
397162
397167
397173
397185
397194
397242
397247
397249
397251
397266
397275
397293
397296
397301
397303
397333
397346
397360
397362
397374
397377
397399
397461
397475
397477
397478
397510
397513
397535
397545
397560
397687
397689
397698
397757
397768
397772
397773
397774
397780
397800
397801
397816
397825
397827
397850
397852
397857
397865
397883
397905
397909
397912
397917
397927
397930
397933
397945
397946
397960
397962
397977
398011
398018
398022
398039
398041
398053
398056
398069
398073
398088
398098
398105
398124
398129
398150
398177
398192
398194
398197
398206
398218
398223
398251
398261
398279
398284
398293
398300
398311
398340
398344
398355
398357
398363
398369
398399
398402
398409
398435
398439
398448
398474
398477
398485
398489
398492
398501
398515
398518
398552
398554
398566
398568
398585
398588
398606
398625
398648
398693
398701
398702
398703
398739
398766
398776
398785
398786
398819
398822
398854
398866
398867
398919
398941
398947
398949
398954
398955
398966
398967
398987
399005
399022
399037
399039
399044
399053
399057
399069
399073
399095
399099
399101
399102
399111
399114
399117
399122
399139
399149
399152
399165
399173
399229
399237
399239
399268
399286
399324
399325
399326
399344
399359
399368
399369
399389
399400
399411
399426
399465
399471
399478
399481
399485
399584
399594
399611
399640
399652
399655
399656
399661
399663
399673
399686
399687
399690
399700
399720
399732
399807
399812
399824
399830
399844
400035
400050
400060
400097
400126
400160
400176
400186
400195
400211
400219
400228
400229
400236
400256
400259
400262
400265
400276
400292
400297
400299
400300
400340
400346
400360
400363
400377
400409
400431
400443
400448
400496
400506
400507
400509
400512
400519
400526
400566
400581
400603
400628
400629
400641
400662
400675
400687
400691
400709
400718
400727
400729
400733
400735
400770
400782
400834
400838
400849
400883
400888
400896
400955
400974
400997
401005
401006
401007
401010
401029
401038
401042
401047
401100
401103
401107
401113
401175
401190
401207
401219
401249
401288
401315
401354
401358
401367
401382
401395
401443
401446
401458
401483
401494
401504
401517
401522
401550
401662
401701
401703
401709
401717
401734
401751
401767
401787
401791
401809
401823
401825
401849
401860
401868
401884
401890
401897
401913
401978
401995
402020
402033
402055
402109
402112
402192
402219
402233
402238
402255
402268
402272
402298
402350
402365
402370
402410
402461
402464
402497
402570
402604
402667
402715
402782
402878
402902
402953
402954
403149
403216
403235
403314
403396
403433
403454
403486
403506
403528
403546
403549
403612
403654
403656
403659
403681
403705
403708
403730
403742
403750
403767
403779
403821
403823
403824
403831
403852
403853
403907
403930
403949
403964
403971
403980
403988
404010
404016
404018
404044
404082
404101
404125
404141
404143
404148
404150
404168
404182
404206
404250
404256
404279
404284
404339
404348
404352
404361
404364
404395
404404
404415
404416
404417
404427
404448
404458
404499
404501
404532
404541
404544
404559
404563
404573
404579
404585
404633
404642
404662
404695
404698
404702
404708
404711
404722
404781
404799
404807
404813
404829
404844
404849
404857
404869
404884
404897
404913
404947
404960
404979
404993
405013
405032
405075
405092
405118
405149
405153
405164
405757
405795
405829
405957
405975
405976
405984
405998
406041
406088
406113
406137
406143
406187
406198
414559
414593
414606
414708
414742
414764
414770
414771
414816
414875
414951
414956
414957
414959
414988
415058
415070
415148
415154
415156
415208
415219
415240
415271
415283
415299
415306
415329
415338
415364
415380
415381
415384
415386
415418
415420
415437
415443
415444
415481
415508
415510
415511
415513
415517
415522
415529
415567
415568
415630
415634
415669
415681
415685
415771
415773
415775
415815
415816
416029
416112
416157
416166
416171
416174
416187
416227
416315
416322
416373
416444
416560
416575
416598
416659
416660
416924
416928
417004
417096
417133
417138
417148
417168
417205
417220
417230
417322
417476
417506
417514
417567
417667
417694
417704
417709
417716
417730
417736
417755
417777
417874
417883
417951
417983
417990
418031
418042
418058
418063
418076
418086
418151
418203
418249
418258
418302
418354
418374
418411
418433
418440
418515
418529
418545
418580
418605
418628
418632
418639
418646
418678
418715
418957
419005
419048
419083
419088
419114
419118
419143
419162
419202
419236
419238
419272
419294
419306
419339
419349
419427
419430
419432
419446
419460
419515
419525
419545
419551
419591
419613
419628
419643
419667
419692
419694
419702
419708
419715
419793
419795
419802
419839
419883
419896
419958
420000
420020
420022
420032
420035
420058
420059
420060
420062
420070
420071
420075
420146
420150
420179
420186
420216
420239
420249
420277
420278
420280
420285
420377
420402
420425
420429
420504
420523
420532
420535
420538
420542
420548
420558
420570
420575
420586
420596
420605
420609
420634
420649
420653
420701
420718
420730
420736
420739
420757
420800
420801
420806
420810
420825
420847
420894
420895
420918
420928
420931
420933
420942
420966
420972
420985
420986
420995
420996
421037
421042
421090
421119
421146
421169
421170
421185
421186
421200
421215
421216
421217
421233
421254
421272
421281
421301
421324
421337
421352
421396
421430
421433
421462
421478
421512
421518
421527
421571
421579
421586
421587
421599
421615
421620
421626
421657
421669
421715
421716
421737
421738
421739
421745
421769
421776
421786
421801
421818
421826
421856
421882
421899
421932
421944
421952
421956
421959
421963
421964
421969
421980
421981
421982
421989
422003
422012
422024
422059
422061
422065
422111
422126
422128
422187
422234
422237
422239
422257
422275
422277
422333
422342
422350
422372
422414
422449
422474
422489
422501
422511
422534
422537
422556
422561
422568
422602
422612
422623
422632
422637
422638
422647
422655
422691
422693
422698
422704
422709
422741
422756
422761
422765
422769
422779
422781
422783
422809
422811
422818
422836
422867
422875
422902
422912
422915
422930
422936
422947
422952
422959
422967
422983
423001
423050
423051
423059
423060
423065
423067
423085
423113
423126
423133
423148
423156
423174
423184
423201
423206
423217
423280
423285
423309
423357
423378
423406
423410
423426
423450
423484
423517
423536
423544
423585
423591
423618
423625
423628
423670
423671
423688
423693
423696
423702
423703
423705
423747
423754
423770
423788
423818
423859
423940
423985
423989
424039
424044
424085
424100
424102
424108
424109
424156
424166
424171
424183
424188
424221
424273
424300
424306
424318
424331
424352
424368
424400
424401
424402
424404
424413
424457
424470
424480
424497
424500
424510
424512
424526
424536
424549
424554
424583
424584
424592
424596
424604
424608
424613
424616
424655
424659
424670
424694
424716
424754
424757
424795
424801
424802
424822
424834
424845
424850
424857
424859
424862
424871
424886
424927
424938
424944
425004
425008
425027
425029
425033
425037
425054
425058
425059
425103
425125
425131
425187
425200
425211
425284
425286
425303
425315
425323
425327