110100
310100
440100
440300
120100
130100
140100
210100
210200
220100
230100
320100
320200
320400
320500
330100
330200
330300
340100
350100
350200
360100
370100
370200
410100
420100
430100
440600
441900
500100
510100
530100
610100
130200
130600
150100
320300
320600
320800
320900
330400
330600
330700
331000
350500
360700
370300
370600
370700
371300
410300
420500
430400
440400
441300
442000
450100
460100
510700
520100
620100
630100
640100
650100
130300
130400
130500
130700
130800
130900
131000
131100
131300
131400
140200
140300
140400
140500
140600
140700
140800
140900
141000
141100
150200
150300
150400
150500
150600
150700
150800
150900
152200
152500
152900
210300
210400
210500
210600
210700
210800
210900
211000
211100
211200
211300
211400
220200
220300
220400
220500
220600
220700
220800
222400
230200
230300
230400
230500
230600
230700
230800
230900
231000
231100
231200
232700
320700
321000
321100
321200
321300
330500
330800
330900
331100
340200
340300
340400
340500
340600
340700
340800
341000
341100
341200
341300
341500
341600
341700
341800
350300
350400
350600
350700
350800
350900
360200
360300
360400
360500
360600
360800
360900
361000
361100
370400
370500
370800
370900
371000
371100
371200
371400
371500
371600
371700
410200
410400
410500
410600
410700
410800
410900
411000
411100
411200
411300
411400
411500
411600
411700
416000
420200
420300
420600
420700
420800
420900
421000
421100
421200
421300
422800
426000
426100
426200
426300
430200
430300
430500
430600
430700
430800
430900
431000
431100
431200
431300
433100
440200
440500
440700
440800
440900
441200
441400
441500
441600
441700
441800
445100
445200
445300
450200
450300
450400
450500
450600
450700
450800
450900
451000
451100
451200
451300
451400
460200
460300
466000
466100
466200
466300
466400
466500
466600
466700
466800
466900
467000
467100
467200
467300
467400
467500
510300
510400
510500
510600
510800
510900
511000
511100
511300
511400
511500
511600
511700
511800
511900
512000
513200
513300
513400
520200
520300
520400
520500
520600
522300
522600
522700
530300
530400
530500
530600
530700
530800
530900
532300
532500
532600
532800
532900
533100
533300
533400
540100
540200
542100
542200
542400
542500
542600
610200
610300
610400
610500
610600
610700
610800
610900
611000
620200
620300
620400
620500
620600
620700
620800
620900
621000
621100
621200
622900
623000
630200
632200
632300
632500
632600
632700
632800
640200
640300
640400
640500
650200
652100
652200
652300
652700
652800
652900
653000
653100
653200
654000
654200
654300
656000
656100
656200
656300
659000